hypsometry_terrestrial_planets_input/topography/earth.etopo1.cea.asc
ncols        768
nrows        242
xllcorner    -20037488.186061784625
yllcorner    -6348491.377794721164
dx           52136.492712402141
dy           52204.467279171899
[rows 180 to 215 of 242, columns 574 to 655 of 768]
-2095 -2565 -2557 -2557 -2380 -2519 -2970 -3347 -2549 -2272 -2432 -2627 -2564 -2633 -2710 -2785 -3396 -3525 -3313 -3313 -2596 -2522 -3170 -3430 -3929 -4329 -4577 -4718 -4655 -4891 -4797 -5085 -4939 -4909 -4909 -4676 -5566 -5252 -5162 -5266 -5061 -5211 -5304 -5338 -5668 -5581 -5357 -5408 -5261 -5354 -5354 -4901 -3328 -2617 -608 -27 90 261 313 283 328 324 333 437 464 407 407 391 381 425 370 361 415 459 402 335 298 206 211 216 224 234
-1335 -2000 -1922 -1922 -1691 -2352 -2735 -2491 -2346 -2350 -2340 -2202 -1863 -2212 -2631 -2856 -2563 -3327 -3266 -3266 -2795 -2808 -2382 -3117 -3521 -4058 -4208 -4764 -3524 -5058 -4797 -4956 -4597 -4899 -4899 -4700 -5447 -5085 -5244 -5216 -5237 -5151 -4989 -5347 -5381 -5322 -5261 -5263 -4952 -4999 -4999 -4884 -4951 -4618 -1573 -51 125 305 317 298 323 359 445 446 478 492 492 408 426 405 384 395 337 352 347 287 202 225 224 235 240 223
-2121 -1638 -1889 -1889 -2455 -1978 -1714 -1432 -1735 -1365 -1471 -1392 -1557 -1800 -2389 -2726 -2836 -2762 -2658 -2658 -2543 -2326 -2441 -3116 -3314 -3765 -2701 -4466 -4295 -4867 -4962 -5054 -4979 -5796 -5796 -4560 -5189 -5139 -5263 -5031 -5237 -5184 -5226 -5334 -5231 -5429 -5181 -5145 -5304 -5163 -5163 -5043 -4976 -4653 -3128 -144 90 234 298 268 366 412 336 413 341 398 398 472 446 352 389 347 354 294 281 211 204 198 193 190 197 194
-3226 -3412 -3447 -3447 -4008 -4412 -4343 -4792 -4669 -4593 -3309 -1678 -1120 -1695 -1988 -2407 -2456 -2709 -2448 -2448 -1848 -2545 -2427 -2374 -3309 -3385 -2393 -4442 -3945 -4752 -4688 -5114 -5079 -5580 -5580 -3098 -5336 -5211 -5019 -5098 -4742 -5221 -4927 -5293 -5323 -5248 -5163 -5135 -5294 -5000 -5000 -5043 -5014 -4663 -4159 -761 -34 47 320 212 292 334 353 374 349 378 378 413 468 407 289 303 317 259 234 185 179 170 161 159 160 159
-3461 -3741 -4104 -4104 -4150 -4216 -4565 -4599 -4866 -4173 -3913 -3234 -4557 -437 -1291 -2068 -2342 -2463 -2198 -2198 -1915 -2243 -2462 -2519 -2295 -2469 -2312 -2860 -4856 -5234 -5210 -5255 -5169 -5089 -5089 -5012 -4599 -5435 -5219 -5190 -5233 -5310 -5208 -5366 -5335 -5107 -5028 -5063 -5032 -5030 -5030 -5087 -4962 -4866 -4274 -1132 -122 42 266 201 277 280 299 383 434 395 395 411 404 332 303 336 325 299 189 161 156 143 126 116 114 113
-3819 -3762 -3964 -3964 -4143 -3992 -4439 -4673 -4307 -4155 -4689 -4486 -4336 -3921 -3445 -2875 -1686 -1113 -1441 -1441 -1304 -2452 -2150 -2597 -1145 -2303 -2194 -2366 -4810 -5077 -5372 -5390 -5412 -5275 -5275 -5453 -4881 -4942 -5521 -5057 -5449 -5439 -5339 -5373 -5121 -4822 -5121 -5163 -4971 -4864 -4864 -4841 -4717 -4452 -3356 -699 -111 2 275 252 224 314 316 391 364 419 419 344 310 408 282 336 338 252 180 153 137 121 87 -1 21 13
-3654 -3971 -4038 -4038 -4179 -4128 -4030 -4249 -4371 -4225 -4355 -4634 -4439 -4212 -3969 -3754 -4702 -5500 -4803 -4803 -3722 -4413 -4062 -5252 -4039 -3593 -3654 -4698 -5237 -5010 -5111 -5371 -5148 -5552 -5552 -5143 -4988 -5251 -4997 -5618 -5399 -5401 -5360 -5285 -4544 -3503 -4561 -4665 -4654 -4504 -4504 -4443 -4004 -2979 -1388 -244 -40 8 336 251 331 302 299 303 374 362 362 335 302 262 251 324 263 182 151 135 102 -41 -64 -157 -11 -26
-3546 -3771 -4200 -4200 -4010 -4256 -4566 -4197 -4381 -4502 -4323 -4539 -4288 -4521 -4475 -4318 -4526 -4456 -4557 -4557 -4367 -4859 -4116 -4318 -4484 -4209 -5485 -3532 -3087 -3843 -5151 -5560 -5753 -5821 -5821 -5033 -5128 -5541 -5376 -5298 -5098 -5702 -5321 -4756 -3108 -2616 -2479 -2273 -2621 -2764 -2764 -3023 -3291 -2086 -1114 -59 33 163 284 259 314 301 344 292 273 251 251 91 42 30 72 96 88 96 0 -59 -46 -50 -614 -661 -993 -1017
-4243 -4103 -4223 -4223 -4031 -3921 -3956 -4358 -4205 -4601 -4785 -4965 -4555 -4350 -4473 -4414 -4370 -4215 -4786 -4786 -4466 -4412 -4497 -4513 -4495 -4383 -3787 -6178 -4945 -5423 -3426 -4901 -5441 -5499 -5499 -5859 -5562 -5285 -5236 -5317 -5228 -5153 -5106 -4947 -3209 -2216 -1970 -2073 -2445 -2616 -2616 -2667 -3019 -1854 -946 -136 15 82 248 228 240 237 202 110 76 -28 -28 -83 -54 -75 -43 -43 -54 -8 -68 -97 -2243 -1926 -3729 -3923 -3629 -3576
-4074 -4542 -3660 -3660 -4061 -3772 -4142 -4506 -4243 -4345 -4713 -4550 -4341 -4405 -4650 -4574 -4771 -4536 -4031 -4031 -4773 -4290 -4365 -4431 -4339 -4063 -4394 -4286 -4353 -5681 -4863 -5199 -5570 -5623 -5623 -5332 -5647 -5500 -5471 -5354 -5369 -5285 -4895 -5648 -4590 -2626 -2069 -2514 -2371 -2452 -2452 -2998 -2908 -3253 -1570 -524 -124 -41 81 148 167 137 118 -45 -37 -2669 -2669 -2471 -3477 -3435 -3215 -1992 -2818 -2653 -2768 -3954 -4172 -4332 -4433 -4514 -4653 -4482
-3964 -4107 -3976 -3976 -4181 -4145 -4081 -4022 -4122 -4113 -4111 -4452 -4593 -4301 -4540 -4449 -4501 -4646 -4695 -4695 -4599 -4637 -4591 -4188 -4290 -4668 -4449 -4444 -4429 -4161 -5617 -5154 -4861 -5067 -5067 -5550 -5411 -5159 -5193 -5383 -5339 -5711 -5269 -5312 -5038 -5241 -4674 -4779 -4760 -4908 -4908 -4768 -4987 -4999 -4555 -2529 -2555 -1542 -112 -72 -75 -73 -44 -1261 -3180 -3528 -3528 -4306 -4189 -4456 -4308 -4404 -4471 -4452 -4658 -4665 -4767 -4725 -4873 -5012 -5133 -5183
-3825 -4124 -3874 -3874 -3713 -4045 -3715 -3967 -4015 -3926 -4239 -4448 -4491 -4574 -4489 -4569 -4575 -4609 -4342 -4342 -4390 -4508 -4438 -4457 -4305 -4410 -4638 -4901 -4710 -4740 -4429 -4026 -5669 -6601 -6601 -5551 -5231 -5425 -5589 -5865 -5586 -5553 -5264 -5635 -5461 -5467 -5381 -4865 -5458 -5465 -5465 -5280 -5582 -5239 -5315 -5381 -5095 -4470 -4320 -3333 -2674 -3945 -3971 -4092 -4889 -5006 -5006 -4887 -5245 -5175 -4865 -4797 -4928 -4991 -4950 -4962 -5155 -5233 -5406 -5408 -5201 -5318
-3883 -3819 -4052 -4052 -4112 -3794 -3769 -3985 -4030 -4029 -4148 -4361 -4224 -4257 -4443 -4344 -4393 -4411 -4480 -4480 -4354 -4496 -4221 -4342 -4827 -4694 -4831 -4776 -5010 -4689 -5009 -4642 -5052 -5409 -5409 -4945 -5661 -4751 -6244 -5221 -5562 -5385 -5557 -4777 -4862 -4867 -5514 -4574 -5815 -5671 -5671 -5881 -5114 -5533 -5408 -5566 -5219 -5254 -4815 -4748 -4546 -4541 -4585 -4781 -5009 -5108 -5108 -5253 -5311 -5355 -5278 -5010 -5308 -5562 -5318 -5187 -5311 -5326 -5522 -5679 -5625 -5473
-3916 -3626 -3918 -3918 -3895 -4150 -3770 -3395 -4058 -4056 -4077 -4132 -4392 -4090 -4556 -4433 -4294 -4351 -4570 -4570 -4363 -4423 -4392 -4331 -4389 -4438 -4768 -4529 -4400 -4822 -4724 -5069 -5090 -5153 -5153 -5187 -4658 -4754 -5432 -5551 -4632 -5516 -5526 -5918 -5285 -5013 -5256 -5761 -5918 -5667 -5667 -5657 -5170 -5377 -5548 -4615 -5152 -4852 -5114 -5087 -4974 -4733 -4893 -5001 -5247 -5280 -5280 -5245 -5588 -5721 -5921 -5336 -5525 -5126 -5438 -5680 -5555 -5524 -5447 -5573 -5569 -5555
-3763 -3602 -3722 -3722 -3839 -3861 -3821 -3129 -3525 -4058 -3796 -3835 -4158 -4107 -4219 -4229 -4267 -4217 -4368 -4368 -4379 -4449 -4521 -4580 -4420 -4476 -4611 -4423 -4969 -4713 -4776 -4732 -4759 -4969 -4969 -4864 -4970 -4488 -4704 -5264 -4404 -4667 -4275 -4160 -4445 -4319 -4173 -4918 -4618 -4781 -4781 -4384 -4793 -4449 -4535 -5049 -4963 -5532 -5171 -4842 -5050 -5172 -4825 -5201 -4934 -5571 -5571 -5086 -4784 -5360 -4545 -5533 -5416 -5711 -5558 -5628 -5521 -5434 -5563 -5209 -5381 -5485
-3844 -3561 -3579 -3579 -3649 -3729 -3687 -3493 -4197 -4111 -3755 -3567 -3845 -4024 -4249 -4282 -4117 -4051 -4228 -4228 -4315 -4409 -4461 -4512 -4401 -4495 -4637 -4630 -4480 -4481 -4575 -4527 -4722 -4838 -4838 -5060 -4825 -4838 -4649 -4336 -4626 -4740 -4320 -4455 -4492 -4596 -4550 -4583 -4668 -4581 -4581 -4330 -4092 -4722 -4801 -4908 -4768 -4375 -4779 -5144 -5279 -5511 -5115 -4394 -5580 -4488 -4488 -5035 -4950 -4983 -4442 -4919 -5024 -5441 -5307 -5834 -5251 -5327 -5518 -5036 -5275 -5632
-3295 -3657 -3565 -3565 -3292 -3501 -3078 -3578 -3790 -3888 -3773 -3585 -3786 -3793 -3897 -4155 -4262 -3963 -4049 -4049 -4192 -4228 -4360 -4385 -4337 -4215 -4374 -4461 -4687 -4477 -4481 -4810 -5014 -4751 -4751 -4686 -4906 -4074 -4564 -4695 -4203 -4695 -4397 -4576 -4491 -4393 -4592 -4697 -4365 -4558 -4558 -4472 -4686 -4711 -4757 -4715 -4657 -5104 -4681 -4976 -4755 -5280 -4723 -5199 -4363 -4921 -4921 -5254 -4795 -4711 -5077 -4898 -4852 -4965 -4755 -5331 -5069 -5009 -5314 -5011 -5397 -5363
-3896 -3538 -3551 -3551 -3513 -3453 -3266 -3499 -3504 -3826 -3702 -3803 -3404 -3646 -3879 -3852 -3929 -3943 -4109 -4109 -4029 -4375 -4317 -4376 -4376 -3967 -4528 -4122 -4618 -4588 -4787 -4404 -4664 -4462 -4462 -4417 -4512 -4731 -4550 -4590 -4542 -4631 -4273 -4471 -4479 -4536 -4448 -4575 -4368 -4427 -4427 -4838 -4607 -4630 -4774 -4775 -4847 -4763 -4917 -4779 -4926 -4660 -5264 -5508 -5477 -4904 -4904 -4883 -4919 -4743 -5243 -4880 -4901 -4706 -4916 -5179 -5107 -4936 -5264 -5376 -4954 -5540
-3508 -3214 -3481 -3481 -3353 -3259 -3220 -3482 -3399 -3389 -3627 -3661 -3652 -3613 -3766 -3873 -3922 -4222 -4118 -4118 -4157 -4066 -4173 -4166 -4105 -3937 -4197 -4505 -4311 -4778 -4171 -4425 -4501 -4500 -4500 -4699 -4609 -4022 -4361 -4508 -4500 -4302 -4290 -4614 -4308 -4562 -4647 -4260 -4670 -4536 -4536 -4308 -4829 -4801 -4701 -4637 -4741 -4901 -4881 -4728 -4883 -4843 -4686 -5009 -4742 -5115 -5115 -5063 -4998 -5079 -4858 -4302 -5476 -4832 -4942 -5328 -5128 -4816 -5035 -5335 -5100 -4941
-3154 -3100 -3253 -3253 -3034 -3163 -3276 -3310 -3311 -3327 -3710 -3706 -3428 -3588 -3716 -3768 -3679 -3838 -4135 -4135 -3760 -3837 -4013 -3946 -4561 -4223 -4573 -4444 -4455 -4208 -4386 -4181 -3847 -3966 -3966 -3823 -4113 -4253 -4391 -4308 -4437 -4367 -4780 -4327 -4752 -4563 -4524 -4435 -4470 -4380 -4380 -4574 -4652 -4434 -4598 -4390 -4640 -4757 -4783 -4682 -4955 -5188 -4541 -4933 -4995 -4820 -4820 -4894 -4897 -5108 -5134 -4861 -4833 -5081 -4816 -4924 -4787 -5206 -5143 -5144 -5077 -5115
-2799 -2751 -2980 -2980 -3018 -3053 -3401 -3407 -3351 -3377 -3432 -3428 -3518 -3566 -3659 -3708 -3667 -3813 -3824 -3824 -3802 -3843 -4153 -4067 -4090 -4052 -4351 -4268 -4527 -4351 -4000 -3513 -4471 -3910 -3910 -3968 -4036 -4285 -4223 -4141 -4285 -4360 -4500 -4452 -4464 -4471 -3790 -4369 -4498 -4356 -4356 -4489 -4542 -4499 -4482 -4577 -4637 -4440 -4596 -4753 -4672 -4760 -4999 -4889 -5174 -4810 -4810 -4737 -4971 -4372 -4965 -4853 -4707 -5157 -4894 -4958 -4908 -4902 -4898 -4951 -5069 -5148
-1745 -2753 -2817 -2817 -3008 -2963 -3133 -3126 -3157 -3457 -3294 -3518 -3295 -3485 -3699 -3732 -3595 -3711 -3598 -3598 -3924 -4035 -3649 -4054 -3852 -4028 -4247 -4342 -4207 -4176 -4090 -4216 -4066 -4101 -4101 -3864 -4245 -4333 -4419 -3924 -4055 -4427 -4416 -4340 -4327 -4569 -4263 -4376 -4287 -4399 -4399 -4474 -4418 -4440 -4394 -4390 -4534 -4517 -4559 -4609 -4380 -4766 -4612 -4647 -4563 -4665 -4665 -4839 -4989 -4741 -4908 -4785 -4780 -4916 -4820 -5101 -4996 -4904 -4829 -4857 -5044 -5081
-2824 -2668 -2766 -2766 -2966 -2936 -3010 -3170 -3346 -3221 -3321 -3311 -3457 -3384 -3378 -3558 -3347 -3692 -3789 -3789 -3561 -3774 -3503 -3466 -3653 -4014 -4018 -4246 -4074 -4013 -3396 -3835 -4136 -3933 -3933 -4063 -4252 -4113 -4209 -4033 -4212 -4335 -4167 -4236 -4051 -4025 -4046 -4278 -4330 -4332 -4332 -4233 -4361 -4497 -4483 -4437 -4179 -4365 -4601 -4524 -4620 -4898 -4643 -4792 -4812 -4603 -4603 -4616 -4657 -4771 -4464 -4633 -4690 -4917 -4591 -4984 -4776 -4735 -4684 -4732 -4892 -4756
-2972 -3079 -2620 -2620 -2739 -2748 -2747 -2847 -2900 -2914 -2817 -3024 -3072 -3115 -3307 -3460 -3372 -3406 -3631 -3631 -3709 -3926 -3573 -3723 -3693 -3964 -3926 -3891 -3955 -4008 -4187 -3785 -3973 -3914 -3914 -3950 -3920 -3832 -3956 -4194 -4297 -4242 -4150 -4100 -4226 -3874 -4227 -4217 -4261 -4247 -4247 -4291 -4310 -4411 -4480 -4408 -4570 -4354 -4426 -4328 -4541 -4246 -4449 -4431 -4420 -4479 -4479 -4682 -4536 -4542 -4600 -4621 -4552 -4619 -4812 -4096 -4619 -4522 -4572 -4601 -4911 -4640
-3188 -3100 -3106 -3106 -2971 -2975 -3014 -2922 -2804 -2852 -2826 -3055 -3091 -3152 -3262 -3400 -3400 -3390 -3951 -3951 -3541 -3481 -3645 -3649 -3927 -3955 -3834 -3930 -4057 -3960 -3843 -3684 -3771 -3809 -3809 -3745 -3984 -3931 -4075 -3892 -4228 -3949 -4168 -3989 -4028 -4027 -3981 -4356 -4272 -4243 -4243 -4315 -4239 -4243 -4290 -4185 -4249 -4239 -4201 -4580 -4762 -4339 -3915 -4526 -4524 -4378 -4378 -4497 -4349 -4533 -4528 -4518 -4554 -4629 -4489 -4487 -4584 -4433 -4585 -4600 -4566 -4820
-3263 -3365 -3143 -3143 -3086 -3178 -3070 -2886 -2953 -3065 -3099 -2908 -3007 -2996 -2817 -3184 -3427 -3611 -3437 -3437 -3735 -3648 -3839 -3575 -3796 -3723 -3504 -3749 -4057 -3893 -3931 -3698 -3772 -3654 -3654 -3590 -3739 -3930 -4085 -4191 -4117 -4190 -3942 -3709 -4164 -4647 -4047 -4041 -4238 -4090 -4090 -4122 -4152 -4183 -4362 -4309 -4248 -4217 -4181 -4427 -4525 -4094 -4075 -4246 -4364 -4297 -4297 -4200 -4263 -4345 -4485 -4812 -4435 -4330 -4457 -4725 -4192 -4357 -4055 -4332 -5160 -5402
-3357 -3335 -2966 -2966 -3171 -3527 -3543 -2842 -3301 -3361 -3009 -2965 -2951 -2851 -2905 -2762 -3377 -3232 -3112 -3112 -3521 -3527 -3479 -3427 -3387 -3290 -3225 -3743 -3634 -3437 -3688 -3645 -3742 -3674 -3674 -3755 -3781 -3746 -3867 -3819 -3980 -3608 -3861 -4035 -4218 -3943 -4062 -4123 -4021 -3871 -3871 -3934 -4144 -4079 -4203 -4257 -4109 -4216 -4243 -3880 -4180 -4116 -4306 -4252 -4067 -3982 -3982 -3423 -3817 -4298 -4084 -4484 -3913 -4762 -4574 -4666 -4529 -4418 -4687 -4423 -4301 -4113
-3542 -3486 -3186 -3186 -3626 -3604 -3455 -3316 -3224 -3173 -3332 -3294 -2958 -3264 -3366 -2806 -2911 -3032 -3102 -3102 -3207 -3404 -3269 -3425 -3274 -3232 -3319 -3438 -3365 -3435 -3603 -3497 -3869 -3486 -3486 -3590 -3639 -3878 -3951 -3947 -3797 -3723 -3871 -4039 -4015 -4065 -3884 -3971 -4302 -4109 -4109 -3871 -3779 -4062 -3912 -4030 -4127 -4128 -4022 -4082 -4099 -4049 -4251 -4007 -4287 -4371 -4371 -4517 -4086 -4488 -3826 -4250 -4274 -4525 -4884 -4840 -4816 -4354 -4633 -5070 -3998 -4060
-3489 -3303 -3499 -3499 -3338 -3319 -3517 -2975 -3312 -3394 -3330 -3101 -3210 -3167 -3013 -3269 -2955 -3070 -3117 -3117 -3370 -3198 -3300 -3209 -3095 -3138 -3076 -3356 -3219 -3457 -3413 -3698 -3661 -3671 -3671 -3517 -3688 -3776 -3701 -3371 -3678 -3947 -3944 -3608 -4128 -3893 -3889 -3938 -4067 -4252 -4252 -3769 -3870 -3920 -3998 -4087 -4155 -4026 -3991 -4063 -4072 -4138 -4056 -4415 -3821 -4148 -4148 -4166 -4197 -4255 -4443 -4326 -4050 -4130 -4383 -4239 -4381 -4510 -4344 -4464 -4530 -3961
-3579 -3564 -3765 -3765 -3550 -3854 -3539 -3601 -3671 -3595 -3144 -3412 -3129 -3215 -2996 -2838 -2915 -2634 -2894 -2894 -2900 -3163 -3229 -3136 -3161 -2852 -2959 -2944 -3144 -3247 -2909 -3012 -3101 -3146 -3146 -3340 -3345 -3401 -3200 -3535 -3504 -3381 -3353 -3778 -3457 -3748 -3724 -3807 -4087 -3917 -3917 -3982 -4099 -3976 -4074 -3969 -3759 -4066 -4026 -3831 -3859 -4083 -4174 -4138 -4260 -3814 -3814 -4273 -4869 -4123 -4120 -4439 -4143 -4125 -3981 -3641 -4350 -4741 -4646 -4321 -4894 -3442
-3629 -3680 -3433 -3433 -3622 -3496 -3849 -3933 -3394 -3670 -3613 -3387 -3272 -3195 -3063 -3020 -2811 -3079 -2871 -2871 -2711 -2825 -2675 -3705 -2875 -2930 -2989 -2803 -3097 -3004 -2883 -2896 -2967 -2853 -2853 -3039 -3173 -3128 -3606 -3642 -3508 -3250 -3306 -3361 -3493 -3703 -3414 -3806 -3854 -3771 -3771 -4148 -3822 -3881 -3887 -3736 -3671 -4046 -3891 -4042 -4292 -3869 -3985 -4002 -3926 -3906 -3906 -3758 -4080 -3575 -3881 -3067 -4031 -4128 -4244 -3730 -4499 -3844 -3543 -4082 -3835 -4308
-3985 -3740 -3607 -3607 -3635 -3572 -3554 -3581 -3506 -3507 -3301 -3431 -3567 -3316 -3213 -3230 -3093 -2595 -2852 -2852 -3193 -3075 -2759 -3105 -3114 -3056 -3160 -3144 -3230 -2806 -2953 -2686 -3598 -3025 -3025 -3291 -3351 -3611 -3123 -3023 -3002 -3160 -3310 -3339 -3286 -3208 -3736 -3824 -3780 -3578 -3578 -3838 -3993 -3588 -3811 -3563 -3955 -3869 -2829 -3113 -3782 -3888 -3803 -3865 -3865 -3890 -3890 -3888 -3233 -4464 -3511 -3904 -4138 -3861 -3739 -4329 -3643 -3720 -4345 -3967 -3697 -4018
-3761 -4032 -4022 -4022 -3955 -3763 -3669 -3554 -3611 -3563 -3494 -3529 -3528 -3557 -3244 -3493 -3613 -3366 -3256 -3256 -2937 -3053 -3203 -3207 -3036 -3338 -3246 -3222 -2984 -3114 -3037 -3095 -3115 -3101 -3101 -2968 -3119 -3453 -2786 -3215 -3235 -3748 -3972 -2999 -3384 -3282 -3227 -3688 -3648 -3314 -3314 -3598 -3673 -3772 -3607 -3811 -3728 -4057 -4124 -4650 -3112 -3711 -3794 -3589 -3611 -3631 -3631 -3712 -4994 -3134 -3635 -3868 -3281 -3291 -4361 -4667 -3217 -4765 -3591 -4053 -4284 -3316
-4115 -3944 -4017 -4017 -4081 -3885 -3625 -3730 -3824 -3684 -3485 -3662 -3673 -3216 -3777 -3709 -3649 -3443 -3447 -3447 -3339 -3411 -3170 -3135 -3609 -3369 -3290 -3337 -3304 -3247 -3181 -3091 -3083 -3260 -3260 -3129 -3697 -3368 -3279 -3385 -3468 -3323 -3210 -3256 -3204 -3415 -3335 -3226 -3273 -3364 -3364 -3224 -3430 -3281 -2818 -3128 -3343 -3709 -3870 -3043 -3409 -4328 -3372 -3679 -3367 -3412 -3412 -4119 -3536 -3919 -4252 -3757 -4467 -4042 -3436 -4614 -3571 -3461 -4597 -3806 -4056 -4232
-4120 -4057 -3742 -3742 -3825 -4080 -3978 -3156 -3790 -3895 -3743 -3737 -3760 -3817 -3733 -3522 -3650 -3830 -3477 -3477 -3374 -3445 -3575 -3453 -3685 -3386 -3386 -3374 -3406 -3336 -3201 -3342 -3388 -3450 -3450 -3297 -3190 -3394 -2989 -3392 -3537 -3355 -3245 -3785 -3292 -3262 -3347 -3426 -3387 -3420 -3420 -3363 -3459 -3353 -3402 -3462 -4060 -4159 -3714 -3913 -4037 -3613 -3593 -3547 -3670 -3808 -3808 -4087 -3637 -3821 -3747 -3935 -3881 -4424 -4207 -3807 -4441 -3864 -4018 -4363 -3452 -3238
-4129 -4262 -3971 -3971 -3771 -3927 -3322 -4052 -4017 -3597 -4097 -4016 -3794 -3618 -3772 -3539 -4010 -3683 -3740 -3740 -3554 -3674 -3541 -3427 -3797 -3492 -3557 -3245 -3270 -2979 -3763 -3605 -3322 -3542 -3542 -3269 -3724 -4279 -3795 -3672 -3660 -3193 -3720 -3546 -3238 -3395 -3436 -3853 -3739 -3650 -3650 -3605 -3069 -3341 -3583 -3905 -3687 -3668 -3721 -3854 -3896 -3883 -3808 -3715 -3494 -3963 -3963 -3407 -4083 -4206 -3978 -4250 -4821 -4571 -3824 -3928 -3801 -4264 -4172 -4732 -3759 -3561
