hypsometry_terrestrial_planets_input/topography/earth.etopo1.cea.asc
ncols        768
nrows        242
xllcorner    -20037488.186061784625
yllcorner    -6348491.377794721164
dx           52136.492712402141
dy           52204.467279171899
[rows 72 to 107 of 242, columns 0 to 81 of 768]
-5667 -5683 -5819 -5789 -5764 -5644 -5543 -5228 -5228 -5181 -4970 -5139 -5076 -5009 -4912 -4816 -4791 -4816 -4779 -4682 -4639 -4632 -4738 -4801 -4801 -4770 -4921 -4937 -4860 -4644 -4378 -3975 -2881 -321 -3482 -418 -753 -2796 -386 -4428 -4428 -4740 -4835 -4888 -4842 -4795 -4656 -4477 -4358 -4279 -4118 -4230 -4133 -4452 -4401 -4785 -4785 -5105 -5192 -5372 -5491 -5445 -5428 -5467 -5457 -5471 -5342 -5055 -5276 -5435 -5550 -5550 -5293 -5436 -5604 -5414 -5416 -5341 -5564 -5048 -5062 -5121
-5153 -5747 -5751 -5750 -5753 -5676 -5553 -5281 -5281 -5326 -5274 -5242 -5174 -5136 -5113 -5002 -4197 -4836 -4804 -4751 -4712 -4691 -4689 -4724 -4724 -4770 -4790 -4779 -4626 -2529 -4749 -4688 -4635 -4569 -4373 -4292 -4210 -3323 -3294 -2915 -2915 -3317 -4843 -4572 -3902 -4475 -4788 -4676 -4560 -4457 -4361 -4325 -4220 -4437 -4416 -4849 -4849 -4963 -5142 -5380 -5582 -5684 -5330 -5596 -5874 -5580 -5366 -5369 -5421 -5413 -5452 -5452 -5577 -5941 -5377 -5783 -6066 -5478 -5765 -5736 -5209 -5289
-5300 -4792 -5466 -5587 -5704 -5724 -5650 -5514 -5514 -5439 -5397 -5356 -5284 -5242 -5203 -4966 -5050 -4808 -4904 -4830 -4821 -4723 -4580 -4665 -4665 -4436 -4472 -4476 -3890 -4585 -4645 -4692 -4613 -4459 -4724 -4591 -4551 -4456 -4563 -4525 -4525 -4313 -3524 -1566 -1256 -4322 -4866 -4924 -4634 -4820 -4759 -4677 -4454 -4475 -4699 -4605 -4605 -4670 -4725 -5716 -5398 -5280 -5590 -6014 -5430 -5634 -5655 -4911 -5182 -5143 -5397 -5397 -5323 -5265 -5508 -5622 -5111 -5184 -5827 -5751 -5107 -5297
-4886 -5060 -5377 -4909 -5498 -5703 -5594 -5588 -5588 -5312 -5368 -5476 -5403 -5332 -5348 -5215 -5158 -4958 -4908 -4956 -4711 -4897 -4708 -3418 -3418 -4780 -2062 -4792 -4625 -4569 -4644 -4619 -4738 -4634 -4539 -4708 -4690 -2803 -4604 -4573 -4573 -2947 -216 -2559 -3329 -1305 -1556 -2102 -3823 -4871 -5436 -5464 -5013 -4844 -4775 -4009 -4009 -5046 -5237 -5077 -5625 -5901 -4723 -5544 -4804 -4853 -5206 -5041 -5183 -5370 -5382 -5382 -5226 -5690 -5822 -5269 -5142 -6096 -5512 -5176 -4970 -5449
-3219 -3506 -4744 -4736 -5170 -5625 -5622 -5550 -5550 -5405 -5376 -5468 -5481 -5392 -5300 -5188 -4774 -4858 -4880 -4934 -4855 -4347 -2236 -5016 -5016 -3488 -4915 -4563 -4676 -4853 -4862 -4241 -4777 -4803 -4779 -4713 -4333 -4641 -4574 -4580 -4580 -4360 -4568 -4342 -3912 -4307 -2386 -41 -102 -757 -1223 -5006 -5625 -5369 -4980 -5045 -5045 -5004 -5146 -5324 -5324 -5270 -5235 -5322 -5472 -5434 -5275 -5265 -5626 -5435 -5574 -5574 -5561 -5254 -5289 -5548 -5390 -5598 -5641 -5428 -5382 -5345
-3898 -4332 -4292 -4900 -4852 -5299 -5393 -4772 -4772 -5473 -5480 -5422 -5387 -4970 -5361 -5122 -4752 -2571 -3888 -2517 -3910 -4114 -4597 -5065 -5065 -4843 -4853 -4919 -4118 -4983 -5057 -4804 -4983 -4933 -4898 -4802 -4630 -4647 -4798 -4739 -4739 -4702 -4658 -4624 -4540 -3954 -4411 -1522 -2616 -126 2264 -1497 -4120 -5611 -5305 -5076 -5076 -4871 -4863 -5022 -5154 -5110 -5143 -5265 -5257 -5181 -5177 -5323 -5381 -5552 -5486 -5486 -5322 -5333 -5536 -5544 -5616 -5562 -5485 -5494 -5442 -5413
-4672 -4916 -5053 -5251 -4688 -4770 -5166 -5370 -5370 -5520 -5451 -5276 -4359 -5230 -5189 -3920 -3454 -3924 -2924 -3041 -4331 -2279 -5047 -4198 -4198 -4859 -3933 -5079 -4888 -5075 -5061 -5066 -4953 -4802 -4771 -4889 -4800 -4958 -4743 -4771 -4771 -4666 -4606 -4553 -4468 -4329 -4441 -4600 -4107 -3182 -2125 -70 -2676 -5419 -5429 -5278 -5278 -5103 -5099 -5096 -5156 -5188 -5259 -5266 -5459 -5480 -5409 -5383 -5425 -5439 -5478 -5478 -5244 -5220 -5500 -5558 -5517 -5687 -5705 -5481 -5565 -5667
-3378 -4732 -4297 -4881 -4934 -5128 -5139 -5570 -5570 -4861 -5110 -4807 -4664 -4444 -2682 -2865 -3631 -3740 -2719 -2870 -4859 -4878 -4959 -4700 -4700 -2035 -4966 -5208 -5118 -5246 -5092 -5218 -5293 -5257 -5253 -5184 -5082 -4982 -5127 -4560 -4560 -4554 -4760 -4545 -4469 -4340 -4331 -4235 -4546 -4789 -3942 1282 1109 -3104 -5261 -5306 -5306 -5019 -5105 -5136 -5239 -5233 -5283 -5288 -5363 -5306 -5401 -5392 -5502 -5396 -5467 -5467 -5408 -5438 -5364 -5724 -5463 -5340 -5537 -5001 -5488 -5653
-1563 -3732 -4607 -4773 -5033 -5324 -5420 -5251 -5251 -5015 -5030 -4950 -4435 -2399 -2139 -3467 -4222 -2849 -2909 -3344 -4859 -2390 -1704 -3764 -3764 -5025 -5017 -5189 -5460 -5007 -5486 -5384 -5378 -5281 -5398 -5365 -5088 -5162 -5169 -5098 -5098 -4994 -4828 -4716 -4614 -4421 -4256 -4321 -4207 -4745 -3956 2164 -378 -4573 -5507 -5145 -5145 -5146 -5061 -5117 -5247 -5317 -5420 -5411 -5443 -5484 -5330 -5293 -5370 -5188 -5307 -5307 -5383 -5555 -5358 -5214 -5362 -5256 -5336 -5503 -5605 -5520
-3625 -3398 -1373 -4523 -4783 -4826 -5169 -3412 -3412 -4580 -4422 -3372 -2508 -2459 -2559 -4462 -4935 -5001 -3136 -2593 -4057 -4697 -4733 -4988 -4988 -4964 -5055 -5255 -5303 -5305 -5599 -5635 -5577 -5386 -5506 -4828 -5244 -5511 -5331 -5285 -5285 -5184 -5079 -4970 -4803 -4678 -416 -4396 -4545 -4567 -4562 -2673 -4549 -5337 -5311 -5165 -5165 -5109 -5059 -5122 -5189 -5477 -5432 -5443 -5426 -5372 -5375 -5443 -5188 -4930 -5427 -5427 -5423 -5400 -5411 -5467 -5377 -5464 -5307 -5311 -5456 -5513
-4639 -4264 -3288 -2645 -2964 -3852 -3420 -4205 -4205 -1797 -1489 -1464 -2199 -2904 -3186 -4839 -5084 -3689 -4949 -5021 -5193 -1922 -4891 -4875 -4875 -5064 -4977 -5075 -5503 -5335 -5436 -5559 -5632 -5377 -5360 -5368 -5513 -5478 -5060 -5513 -5513 -5248 -5214 -5101 -4901 -4863 -4293 -4378 -3769 -4657 -4649 -4919 -5023 -5168 -5127 -5377 -5377 -5008 -4612 -5315 -5212 -5327 -5319 -5421 -5339 -5363 -5430 -5508 -5461 -5113 -5160 -5160 -5390 -5346 -5323 -5361 -5387 -5125 -5414 -5395 -5349 -5367
-4555 -4891 -5027 -2652 -3995 -4016 -3630 -3275 -3275 -2251 -2650 -2584 -3363 -2795 -5163 -5155 -5192 -5194 -4989 -5113 -5250 -5286 -4311 -2883 -2883 -5081 -5334 -5338 -5237 -5425 -5422 -5510 -5560 -5374 -5473 -5583 -5538 -5573 -5512 -5558 -5558 -5451 -5365 -5354 -5246 -4972 -4908 -4000 -4752 -4692 -4871 -4726 -4916 -5008 -4996 -5018 -5018 -4926 -5084 -5227 -5301 -5287 -5305 -5369 -5448 -5351 -5514 -5138 -5452 -5493 -5077 -5077 -5341 -5394 -5455 -5449 -5564 -5329 -4988 -5281 -5296 -5500
-4866 -5296 -4891 -4835 -4782 -2665 -2423 -4610 -4610 -4331 -4374 -4183 -4150 -5172 -4958 -5330 -5222 -5257 -5304 -5252 -5240 -4995 -5175 -3652 -3652 -4371 -5380 -5341 -5217 -5023 -5352 -5410 -5464 -5357 -5566 -5611 -5463 -5450 -5617 -5569 -5569 -5532 -5498 -5565 -5396 -5188 -5160 -4909 -4831 -4858 -4648 -4913 -4897 -5095 -5052 -5152 -5152 -5131 -5158 -5201 -5031 -5361 -5370 -5378 -5383 -5429 -5375 -5221 -5318 -5457 -5287 -5287 -5233 -5566 -5489 -5546 -5387 -5293 -5336 -5312 -5505 -5507
-5177 -5124 -5058 -4707 -4820 -5421 -4949 -5294 -5294 -5128 -5488 -5254 -5116 -5011 -5293 -5373 -5218 -5132 -5051 -5239 -4984 -3721 -4031 -5041 -5041 -2412 -5394 -5362 -5288 -5364 -5383 -5498 -5638 -5542 -6021 -5691 -3551 -5557 -5649 -5566 -5566 -5546 -5635 -5673 -5516 -5397 -5411 -4510 -5238 -5029 -4964 -4869 -4905 -4861 -5135 -5216 -5216 -5228 -5251 -5321 -5331 -5346 -5408 -5344 -5196 -5327 -5120 -5047 -5376 -5473 -5155 -5155 -5672 -5485 -5396 -5615 -5392 -5459 -5400 -5516 -5511 -5546
-5007 -5248 -5043 -5127 -4718 -4919 -4724 -4355 -4355 -3966 -5461 -5989 -5587 -5592 -5624 -5655 -6136 -4463 -5196 -5395 -4782 -5041 -5059 -5040 -5040 -4886 -4678 -5415 -5344 -5372 -5318 -5438 -5466 -5602 -5265 -5490 -5544 -5437 -4403 -5679 -5679 -5628 -5675 -5681 -5581 -5620 -5532 -5329 -5144 -5251 -4534 -4664 -4753 -5101 -5269 -5340 -5340 -5383 -5580 -5476 -5383 -5373 -5452 -5325 -5063 -5168 -5201 -5615 -5609 -5537 -5402 -5402 -5460 -5530 -5508 -5539 -5492 -5444 -5406 -5579 -5532 -5463
-5415 -5167 -5080 -5091 -4525 -3564 -5506 -5675 -5675 -5042 -5690 -5652 -5295 -5669 -4953 -5773 -5728 -3309 -3204 -5443 -4010 -3560 -1753 -5223 -5223 -5247 -4197 -5477 -5439 -5467 -5391 -5364 -5454 -5608 -5560 -5504 -5473 -5578 -5502 -5652 -5652 -5695 -5570 -5600 -5531 -5584 -5553 -5457 -5260 -5384 -5391 -5165 -5337 -5324 -5297 -5305 -5305 -5555 -5460 -5515 -5617 -5556 -5478 -5333 -5246 -5261 -5265 -5309 -5285 -5365 -5386 -5386 -5407 -5355 -5511 -5535 -5423 -5429 -5386 -5282 -5139 -5174
-4969 -5500 -5295 -5811 -4812 -4867 -5164 -5644 -5644 -5778 -5507 -5748 -5680 -5725 -5274 -5895 -5771 -5145 -2163 -5555 -5719 -5512 -5494 -5069 -5069 -2921 -4932 -5196 -4175 -5515 -5317 -5397 -5478 -5532 -5703 -5640 -5520 -5613 -5549 -5612 -5612 -5587 -5569 -5627 -5620 -5798 -5762 -5768 -5761 -5316 -5478 -5516 -5541 -5507 -5598 -5657 -5657 -5610 -5734 -5788 -5750 -5662 -5526 -5402 -5357 -5327 -5370 -5410 -5434 -5211 -5400 -5400 -5202 -5441 -5466 -5415 -5277 -5370 -5474 -5863 -6294 -5247
-5953 -5173 -5610 -5240 -5045 -5183 -5047 -4992 -4992 -4304 -5665 -5747 -5706 -5763 -5684 -5793 -5648 -5851 -5969 -5788 -5839 -5650 -5425 -5236 -5236 -3445 -5246 -5251 -3641 -3494 -5063 -5531 -5560 -5560 -5529 -5869 -5666 -5592 -5499 -5609 -5609 -5664 -5670 -5688 -5516 -5613 -5587 -5571 -5773 -5752 -5729 -5594 -5555 -5283 -5625 -5830 -5830 -5867 -5805 -5790 -5813 -5502 -5471 -5274 -5249 -5239 -5179 -5225 -5195 -5197 -5253 -5253 -4845 -5257 -6031 -5971 -5367 -4781 -4970 -5091 -4854 -5042
-5770 -5319 -5536 -5489 -5139 -5323 -5026 -5375 -5375 -5661 -5819 -5609 -5591 -5848 -5664 -5633 -5930 -5856 -5782 -4220 -5045 -2605 -5370 -5574 -5574 -4343 -3821 -2961 -5357 -5257 -2944 -5325 -5448 -5419 -5657 -5689 -5567 -5697 -5720 -5623 -5623 -5691 -5720 -5687 -5628 -5347 -5619 -5722 -5768 -5670 -5703 -5681 -5674 -5139 -5848 -5143 -5143 -5936 -6153 -5654 -5620 -5352 -5593 -5587 -5239 -5157 -5421 -5882 -5664 -5804 -5148 -5148 -5035 -4522 -5514 -4945 -5109 -4965 -4967 -5030 -5082 -4966
-5914 -5632 -5354 -5279 -4863 -5041 -5069 -5261 -5261 -5494 -5852 -5692 -5506 -5557 -5801 -5798 -5592 -5752 -5891 -5918 -5966 -5996 -5759 -5445 -5445 -3766 -5073 -4192 -5010 -2875 -4441 -5298 -5524 -5452 -5411 -5406 -5577 -5763 -5674 -5700 -5700 -5782 -5613 -5523 -5641 -5480 -5441 -5795 -5700 -5867 -5633 -5696 -5628 -5780 -5323 -5721 -5721 -5311 -5687 -6017 -5975 -5576 -4463 -5286 -5326 -4951 -5040 -5102 -5388 -5177 -5123 -5123 -5322 -5184 -5184 -5136 -4974 -4817 -5260 -5116 -5024 -5035
-5625 -5597 -5371 -4901 -4679 -4678 -4627 -5115 -5115 -5395 -5510 -2888 -4099 -5739 -5464 -5559 -5491 -5526 -5622 -5949 -5789 -5878 -5856 -4515 -4515 -5511 -4565 -5173 -5499 -2795 -5149 -5231 -5542 -5588 -5361 -5468 -5565 -5685 -5605 -5498 -5498 -5444 -5600 -5812 -5505 -5494 -5383 -5386 -5459 -5642 -5572 -5547 -5285 -5570 -5355 -5492 -5492 -5341 -5397 -5662 -5600 -5403 -5414 -5395 -5537 -5441 -5447 -5374 -5301 -5332 -5269 -5269 -5276 -5199 -5300 -5182 -5135 -5097 -4940 -5002 -4938 -4833
-5515 -5017 -5584 -5262 -4346 -4320 -4794 -5106 -5106 -5224 -5358 -5470 -5271 -5688 -5313 -5444 -5561 -5434 -5415 -5250 -5544 -5720 -5762 -5703 -5703 -5439 -5384 -5226 -5316 -5259 -5132 -5773 -5552 -5650 -5401 -5229 -5387 -5477 -5628 -5512 -5512 -5300 -2996 -4114 -5298 -5291 -5162 -5450 -5535 -5536 -5496 -5251 -5300 -5375 -5339 -5464 -5464 -5365 -5499 -5455 -5556 -5609 -5448 -5165 -5157 -5313 -5444 -5175 -5333 -5422 -5326 -5326 -5045 -5161 -5356 -5172 -5172 -5289 -5219 -5050 -4956 -4833
-5825 -5704 -5648 -5379 -4121 -3849 -4676 -5127 -5127 -5458 -5446 -5557 -5525 -5310 -5565 -1930 -5447 -2781 -5222 -5135 -5485 -5868 -5410 -5590 -5590 -5625 -5360 -5283 -5293 -5282 -4963 -5221 -5089 -5274 -5392 -5540 -5561 -3166 -5318 -5560 -5560 -5523 -5570 -5128 -5168 -4657 -5444 -5379 -5644 -5361 -5476 -4912 -5131 -5212 -5224 -5327 -5327 -5240 -5272 -5052 -5199 -5342 -5512 -5378 -5249 -5235 -5327 -5353 -5421 -5404 -5357 -5357 -5252 -5239 -5537 -5360 -5239 -4930 -5217 -5132 -4908 -4888
-6108 -5897 -5550 -4874 -4896 -5103 -4781 -5338 -5338 -5410 -5133 -5241 -5508 -4727 -5242 -5129 -4914 -5541 -5342 -5678 -5892 -4895 -5314 -5205 -5205 -5365 -4370 -5167 -4901 -5264 -4298 -4997 -5001 -5177 -5230 -5164 -5250 -5090 -5223 -5591 -5591 -3454 -5338 -5415 -5347 -4940 -5042 -5291 -5575 -5433 -5356 -5089 -5145 -5098 -5030 -5258 -5258 -5096 -5182 -5300 -5402 -5322 -5282 -5346 -5250 -5323 -5483 -5348 -5309 -5618 -5453 -5453 -5383 -5040 -5359 -5443 -5073 -5160 -5080 -5048 -5021 -4911
-5886 -5943 -5674 -5246 -5841 -5607 -5246 -5678 -5678 -5275 -4887 -4665 -5227 -5619 -5134 -5359 -5440 -5339 -4878 -5694 -4884 -4922 -5069 -5313 -5313 -5402 -3403 -5262 -5081 -4949 -4557 -4160 -4780 -5083 -4582 -4130 -5043 -5288 -5212 -5429 -5429 -5448 -4990 -5377 -5241 -5261 -5212 -5366 -5436 -5683 -5334 -5220 -5186 -5178 -5468 -5181 -5181 -5009 -4892 -5076 -5353 -5346 -5596 -5318 -5376 -5342 -5449 -5251 -5340 -5300 -5240 -5240 -5425 -5290 -5290 -5255 -5152 -5137 -4867 -5198 -4966 -5080
-6000 -6041 -5962 -6260 -6027 -5210 -5591 -5888 -5888 -5697 -5335 -4434 -4819 -5654 -5327 -5730 -3108 -5531 -5136 -4747 -2496 -2562 -1835 -4684 -4684 -4048 -5637 -5059 -5201 -4883 -4479 -4732 -4772 -1602 -4893 -4815 -5038 -5073 -5208 -5284 -5284 -5231 -5440 -4189 -4944 -5262 -5358 -5262 -5306 -5466 -5291 -5078 -5253 -5263 -5082 -5060 -5060 -5181 -5214 -4958 -4437 -5190 -5325 -5034 -5164 -5302 -5214 -5339 -5382 -5484 -5117 -5117 -5193 -5221 -5232 -5021 -5227 -5279 -5173 -5034 -4395 -5050
-5958 -6008 -6116 -5759 -5880 -5362 -5264 -6295 -6295 -5896 -5531 -5631 -5688 -5471 -5811 -5759 -5087 -5013 -4192 -4520 -4598 -4211 -4641 -5314 -5314 -5450 -5308 -4676 -2751 -1671 -3266 -3774 -4633 -4377 -4559 -4528 -4772 -5040 -5166 -4545 -4545 -5232 -5187 -4878 -4497 -5012 -5090 -5142 -5041 -5109 -5230 -5006 -5313 -5034 -5191 -5217 -5217 -5446 -4725 -5159 -5010 -4903 -5272 -5395 -5292 -5309 -5337 -5361 -5223 -5299 -5127 -5127 -4704 -4931 -5060 -5391 -5310 -5115 -5121 -5142 -5055 -5045
-6120 -6153 -6087 -5995 -5964 -6011 -5570 -5318 -5318 -5647 -5770 -5909 -5835 -5845 -5867 -5881 -5787 -5641 -4399 -4837 -4984 -4309 -4665 -5136 -5136 -5214 -4611 -5091 -5033 -4936 -4497 -2007 -1272 -4722 -4455 -4219 -4796 -3418 -4875 -5175 -5175 -4976 -5113 -5013 -4619 -5101 -5084 -5238 -5234 -5060 -4360 -5278 -5357 -5212 -5436 -4555 -4555 -4738 -5129 -4968 -5178 -4796 -4488 -4733 -5190 -5232 -5307 -5208 -5230 -5275 -5212 -5212 -5162 -5222 -5322 -5057 -5008 -5072 -5140 -5068 -5050 -5060
-5810 -5919 -6122 -5684 -5800 -5993 -5905 -5927 -5927 -5945 -5518 -6412 -6007 -5873 -6037 -5852 -5610 -5638 -4439 -5149 -5246 -4624 -4876 -5353 -5353 -5013 -5358 -5154 -4716 -4106 -4783 -4797 -1805 -4673 -4473 -3550 -4822 -4886 -4941 -5054 -5054 -5288 -5027 -2450 -3518 -4074 -3318 -2263 -4558 -5191 -5089 -5255 -5367 -5278 -5327 -5156 -5156 -5165 -5052 -5085 -5225 -4935 -4886 -4863 -4874 -5140 -5067 -5332 -5313 -5158 -5039 -5039 -5336 -5213 -4881 -5133 -5080 -5141 -5254 -5060 -5105 -5213
-6056 -6032 -5862 -5606 -5879 -5708 -5338 -5825 -5825 -5783 -5905 -5993 -5986 -6541 -5883 -5910 -5700 -5573 -5197 -5081 -5472 -5293 -5325 -5019 -5019 -5074 -5371 -5063 -5039 -4702 -4740 -5227 -5055 -4508 -4828 -4777 -4592 -2376 -4910 -4903 -4903 -4899 -4985 -4597 -4581 -4363 -4724 -4801 -5313 -5064 -5363 -5251 -5292 -5168 -5088 -5409 -5409 -5184 -5225 -5478 -5332 -5237 -4869 -4480 -3490 -5032 -5212 -5103 -5257 -5143 -5311 -5311 -5093 -5171 -5250 -5138 -5129 -4941 -5189 -5125 -4958 -5364
-5740 -5913 -5840 -5792 -5844 -5285 -5043 -4260 -4260 -5629 -6178 -6047 -6065 -5969 -5852 -5948 -5609 -5633 -5469 -5423 -5479 -5490 -5305 -4740 -4740 -5002 -5158 -5180 -5123 -5128 -5021 -5010 -5054 -1130 -4794 -4637 -3340 -4691 -4756 -4372 -4372 -4112 -2857 -4337 -4687 -4675 -4682 -4486 -4885 -5092 -5350 -5163 -5252 -5320 -5306 -5283 -5283 -5020 -5216 -5144 -5123 -5084 -4931 -4862 -4722 -4779 -4841 -4966 -5309 -5479 -5358 -5358 -5073 -5108 -5105 -4835 -5149 -5111 -5249 -5116 -5155 -5016
-6016 -5919 -5827 -5777 -5355 -3968 -3852 -3675 -3675 -3985 -5977 -5963 -5962 -6040 -5857 -5916 -5564 -5206 -5708 -5201 -5593 -5504 -5506 -5050 -5050 -4870 -5063 -5328 -5167 -5124 -5075 -5016 -4836 -4966 -4730 -3560 -4597 -4472 -4126 -4678 -4678 -4659 -4692 -4427 -3332 -4546 -4743 -3766 -4977 -3343 -5339 -5230 -5146 -5031 -5173 -5036 -5036 -5119 -5188 -5331 -5354 -5290 -5091 -5097 -5035 -4974 -4825 -4870 -4892 -5203 -5174 -5174 -5195 -5105 -5066 -5150 -5192 -4713 -5234 -5033 -5190 -5143
-6016 -5919 -5827 -5777 -5355 -3968 -3852 -3675 -3675 -3985 -5977 -5963 -5962 -6040 -5857 -5916 -5564 -5206 -5708 -5201 -5593 -5504 -5506 -5050 -5050 -4870 -5063 -5328 -5167 -5124 -5075 -5016 -4836 -4966 -4730 -3560 -4597 -4472 -4126 -4678 -4678 -4659 -4692 -4427 -3332 -4546 -4743 -3766 -4977 -3343 -5339 -5230 -5146 -5031 -5173 -5036 -5036 -5119 -5188 -5331 -5354 -5290 -5091 -5097 -5035 -4974 -4825 -4870 -4892 -5203 -5174 -5174 -5195 -5105 -5066 -5150 -5192 -4713 -5234 -5033 -5190 -5143
-5747 -5907 -5467 -5533 -4587 -3416 -3260 -4111 -4111 -5162 -5786 -5849 -6024 -5926 -5953 -5915 -5658 -5675 -5305 -5667 -5840 -5628 -5611 -5272 -5272 -5295 -5113 -4931 -4986 -5062 -5093 -5082 -4935 -4834 -4827 -4414 -4519 -3784 -2769 -1343 -1343 -3066 -3398 -4031 -4505 -4607 -4726 -4580 -4888 -4833 -4981 -5070 -5214 -4938 -4852 -5029 -5029 -5105 -5299 -5547 -5322 -5267 -5119 -4782 -4179 -4635 -5052 -4842 -4915 -4876 -5196 -5196 -5256 -5259 -5109 -5096 -4989 -5264 -5064 -5145 -5177 -5013
-5684 -5947 -5750 -5463 -3980 -3360 -3884 -4569 -4569 -5082 -5779 -5900 -5752 -5718 -5835 -5839 -5777 -5680 -5698 -5541 -6287 -5719 -5516 -5328 -5328 -5252 -4984 -4691 -4805 -4925 -4953 -5064 -4867 -4766 -4847 -4510 -4380 -3362 -1779 -1875 -1875 -3797 -4212 -4342 -4316 -3690 -3868 -3316 -4499 -4907 -4825 -4925 -4894 -4957 -4993 -4947 -4947 -4744 -5157 -5139 -5125 -5013 -5171 -5353 -4930 -4788 -4582 -4789 -4810 -4930 -4918 -4918 -5111 -5176 -5165 -5090 -5102 -5111 -5162 -5188 -5034 -5156
-5808 -5865 -5536 -5119 -4466 -3793 -4971 -5137 -5137 -5364 -5712 -5836 -5882 -5739 -5866 -5741 -5702 -5594 -5678 -5456 -6154 -5787 -5541 -5325 -5325 -5439 -5258 -4855 -5125 -4539 -4412 -4885 -4503 -4473 -4510 -4615 -1253 -2901 -2802 -2053 -2053 -2493 -4114 -4032 -4039 -4135 -4093 -3451 -3698 -4617 -4800 -4883 -4895 -4801 -4718 -4919 -4919 -4872 -4999 -4872 -5029 -5426 -5121 -5145 -5113 -4670 -4770 -4253 -4826 -5030 -5239 -5239 -5028 -5118 -5093 -5200 -5158 -5119 -5036 -4966 -4920 -4851
