hypsometry_terrestrial_planets_input/topography/earth.etopo1.cea.asc
ncols        768
nrows        242
xllcorner    -20037488.186061784625
yllcorner    -6348491.377794721164
dx           52136.492712402141
dy           52204.467279171899
[rows 36 to 71 of 242, columns 410 to 491 of 768]
799 268 -7 -62 -71 -82 -123 -1 391 391 502 883 674 1338 876 524 835 416 381 261 647 411 179 162 41 41 34 26 82 18 155 183 207 218 140 -42 -64 -115 -395 -1135 -1733 -1733 -1758 -1821 -2163 -1928 -2279 -2323 -2044 -1850 -1771 -1867 -2135 -2200 -2200 -1957 -1957 -1647 -937 610 1808 2744 1483 1193 2039 1795 770 286 173 126 99 66 66 16 -8 -21 -34 -49 -54 -75 -81 -154
258 339 1336 255 -74 -186 -147 -144 -157 -157 -31 -107 -9 526 894 1785 1254 2218 677 800 767 1388 1121 539 775 775 1286 1275 1301 958 692 192 344 377 -108 -1305 -1939 -1689 -1930 -2139 -2126 -2126 -2126 -2114 -2190 -2215 -2180 -2209 -2171 -2083 -1939 -2322 -2172 -2109 -2099 -2005 -2005 -1915 -2019 -2050 -980 -547 -161 203 2671 898 1942 3223 2821 3025 2244 1866 1866 2099 1232 611 -31 -73 -110 -383 -481 -384
290 315 1195 724 350 -40 -113 -71 -106 -106 -236 -971 -1121 -660 -101 1 1003 491 402 543 632 1084 580 1788 1448 1448 239 183 188 148 195 249 226 3 -94 -1168 -1954 -2058 -2100 -2097 -2172 -2172 -2117 -2148 -2182 -1853 -1205 -246 -316 -1905 -1552 -1698 -2039 -2008 -2080 -2099 -2099 -2064 -1923 -1751 -1448 -841 -503 1 40 221 568 981 1310 1966 1306 2208 2208 2081 2128 1980 606 -44 -242 -667 -712 -647
-2 742 560 1533 1039 286 153 885 -12 -12 -121 -915 -1157 -904 -187 -85 395 852 1613 901 242 530 853 688 1401 1401 1564 1572 604 278 89 149 258 520 -68 -181 -1509 -1893 -1940 -1857 -1986 -1986 -1686 -171 1020 1208 1394 1559 1040 37 -39 -739 -581 -1894 -1758 -2069 -2069 -2114 -1842 -1936 -1821 -1582 -948 74 1379 1971 1409 1831 1783 644 883 594 594 253 2772 2800 1904 229 -42 -588 -724 -785
-1022 -123 -45 6 674 382 657 146 99 99 -67 -137 -1013 -1075 -357 -85 302 395 782 629 996 918 149 40 691 691 731 749 969 726 209 67 63 115 222 125 -18 -46 -16 -514 -48 -48 297 701 572 720 964 1406 1240 197 746 322 16 -88 -677 -1191 -1191 -1554 -1249 -1419 -1479 -1142 361 1035 1289 1993 1956 2216 1439 723 258 749 749 310 219 1655 3221 2449 421 -39 -101 -396
-2484 -3604 -2682 -1378 -806 -123 424 884 319 319 1 -813 -26 72 -646 -965 380 1026 1258 785 667 1173 -60 -7 -43 -43 370 -829 -1460 -154 -30 318 21 102 67 155 210 239 533 618 1051 1051 1464 860 1008 1263 715 728 1170 738 1035 697 1204 1474 1595 879 879 1849 2080 1793 1760 2052 2884 2379 1904 2385 2169 1249 963 1724 1898 1964 1964 2415 692 35 -5 -8 -2 297 -31 -32
-3567 -3618 -3308 -2957 -2435 -1881 -840 -218 92 92 -468 -1115 -1036 -97 -593 -1287 48 370 472 1416 518 278 935 -322 -457 -457 -734 -357 -90 -96 176 313 433 344 151 712 935 1264 1035 979 805 805 907 967 999 1028 1138 724 1155 1102 1113 1314 1310 1378 1537 1721 1721 1974 2337 2659 1397 2170 2643 2320 2634 1714 2018 2274 3300 803 1256 2329 2329 1952 1298 267 33 -8 -22 -28 -55 -465
-3294 -3189 -3591 -3470 -3051 -3289 -2106 -588 601 601 932 -865 -1769 -1769 -862 -603 -1443 -100 449 952 821 109 57 236 -1113 -1113 -408 -592 -325 -210 73 16 241 742 325 1478 798 1130 1221 1212 847 847 990 860 1081 1303 1233 1218 1053 1106 2141 1397 1507 1594 1694 1345 1345 2102 1821 1427 1327 2185 1614 1702 1505 1621 2362 2443 2079 944 814 1616 1616 1971 545 483 539 314 -27 -29 -39 -806
-1282 -2183 -1478 -2531 -2688 -2508 -1237 -591 92 92 -837 -1640 -1833 -2565 -3290 -1554 -1487 -2145 -53 617 914 1433 343 -347 -509 -509 -459 -507 -240 -169 -233 -26 319 136 557 630 731 931 1115 1010 1026 1026 964 1077 1175 905 1171 1277 926 1175 1621 2017 2460 1606 1613 1127 1127 1138 1145 1319 1062 1657 1874 1296 2052 1645 1905 2557 2241 2300 945 2296 2296 1155 1755 1744 1373 2289 233 -94 -517 -726
-1190 -669 -110 -1369 -1542 -1045 30 336 59 59 -1212 -1801 -2603 -2672 -3347 -3568 -2550 -2522 -191 -43 76 -632 -297 289 203 203 66 -441 -647 -455 -33 59 142 283 464 279 546 820 1209 1194 1265 1265 1227 1088 981 968 940 1322 1308 1071 1396 1366 1807 1167 2267 1650 1650 1324 1599 859 834 997 671 1591 2331 2715 1974 2305 2280 1460 1267 1887 1887 1525 1766 2207 2873 1360 843 -126 -647 -784
-73 -222 -269 368 326 537 0 -2364 -2918 -2918 -2797 -3151 -3076 -3364 -3683 -3284 -3486 -2867 -2551 -1287 358 620 938 -198 -549 -549 -466 -261 -104 -245 -426 -79 -85 48 482 725 1040 1222 926 451 529 529 1233 1300 1263 1009 1323 2796 1104 161 48 152 684 898 585 603 603 747 693 596 508 578 922 796 411 755 1457 1927 1523 2614 1555 1267 1267 1700 2007 1790 1149 1580 1700 53 4 -29
-1323 -596 -546 -780 -665 153 -97 -2793 -3269 -3269 -3405 -3479 -3439 -3639 -3924 -3363 -3229 -2896 -3355 -3395 1 -842 -477 -641 -583 -583 -234 -293 -14 -457 -132 -265 -641 -22 375 25 961 1842 1733 -804 -364 -364 255 1022 1098 420 1485 1134 -16 5 -5 296 748 601 507 478 478 395 447 435 389 360 336 358 368 308 574 565 924 1699 1412 1476 1476 1399 2260 2570 1880 1508 2474 336 1700 1634
-602 -947 -581 -828 -503 -138 -138 -3627 -3445 -3445 -3329 -3522 -3793 -4058 -3946 -3387 -3195 -3117 -2897 -4127 -3431 -2209 -1014 -1193 -862 -862 -1042 -1129 -457 -294 -660 -481 -640 -160 -1113 -3095 -301 535 -63 -2605 -2296 -2296 -2423 -169 1354 566 324 -472 -263 -197 -153 118 381 456 404 327 327 335 373 484 468 282 430 405 305 356 239 369 899 560 1704 1729 1729 1590 1903 1986 1596 1949 1927 1721 1305 1472
-241 -294 -1433 -604 -969 -129 -149 -1249 -3837 -3837 -3853 -3977 -4095 -4068 -3916 -3493 -3090 -3172 -2917 -3837 -4191 -3862 -1679 -520 -369 -369 -985 -959 -925 -1080 -2093 -1387 -808 -855 -3328 -3820 -3027 -2909 -2375 -2362 -2499 -2499 -2452 -2422 -1712 -1014 -1034 -711 -467 -1272 -578 1014 421 308 344 351 351 275 332 218 352 247 280 256 251 189 185 330 311 619 1398 1120 1120 1588 2049 2054 1934 1726 2024 1587 1502 1178
-48 -56 -172 -526 -591 -538 -428 -422 -1797 -1797 -2093 -3780 -3627 -3375 -3988 -3443 -3126 -2998 -3051 -3354 -3342 -3562 -3790 -3273 327 327 886 1661 319 -8 38 -1183 -933 -1541 -1743 -3806 -3225 -2378 -2214 -2342 -2369 -2369 -2416 -1407 -266 208 53 -715 -931 -969 -731 1257 354 517 548 496 496 429 715 376 199 229 224 296 239 181 210 183 216 486 875 684 684 1527 2357 2121 1876 2192 1678 1875 2220 1648
-47 -112 -287 -416 -406 -352 -217 -340 -1015 -1015 -2291 -2884 -3376 -3735 -3780 -3658 -3053 -2852 -2658 -2427 -2898 -3083 -2865 -2797 -2718 -2718 -993 -2237 -1035 -962 -1707 -3096 -2163 -2725 -2600 -2572 -2453 -2406 -2416 -2390 -2348 -2348 -1935 -1580 513 233 -1215 -1629 -1421 -1575 -486 383 519 963 762 757 757 508 357 298 242 179 170 329 284 168 140 111 185 185 414 479 479 1379 2084 1794 1936 2269 1963 1769 2258 1623
-112 -224 -266 -345 -538 -472 -957 -1468 -1570 -1570 -1693 -1974 -2526 -2802 -3130 -3581 -3168 -3132 -2685 -2421 -2162 -1832 -1375 -1692 -1854 -1854 -1966 -2025 -2357 -2854 -2683 -2625 -2550 -2651 -2749 -2958 -3071 -3047 -2808 -2592 -2405 -2405 -2558 -2629 -945 -2297 -2154 -2012 -1775 -1378 1791 1880 817 732 810 717 717 661 660 617 577 485 423 367 239 67 44 60 40 44 53 286 286 1306 1601 963 1154 1954 1658 2030 2358 1817
-85 -149 -197 -213 -451 -621 -776 -959 -1625 -1625 -2078 -2196 -2136 -2310 -2119 -2581 -2098 -3299 -3221 -2515 -2994 -1877 -2181 -2433 -2170 -2170 -2002 -2163 -2318 -2400 -2480 -2663 -2666 -3012 -3117 -3028 -2934 -2775 -2648 -2467 -2207 -2207 -1846 -1588 -1837 -1728 -1826 -1712 -1462 83 993 817 608 657 646 730 730 755 728 743 659 585 466 376 313 143 89 40 35 33 25 45 45 423 1286 596 745 1761 1519 3113 2272 2425
18 32 53 38 -42 -267 -571 -1010 -1160 -1160 -1821 -1868 -1790 -1991 -1891 -1286 -595 -231 -240 130 599 577 -5 -673 -1625 -1625 -2784 -2428 -2416 -2585 -2729 -2905 -3076 -3132 -3019 -2885 -2621 -2365 -2096 -2049 -1777 -1777 -1513 -1424 -1366 -1401 -1554 -1560 -720 183 107 592 1562 719 684 700 700 793 838 806 747 633 537 425 330 214 83 30 33 28 24 15 15 32 103 365 411 439 934 1937 2120 2689
125 178 310 318 123 109 -2 -79 -602 -602 -1195 -1551 -1777 -1744 -1626 -1031 -417 29 354 377 305 263 160 -7 -75 -75 -200 -330 -2189 -3026 -3153 -3200 -3223 -3100 -2928 -2588 -2168 -1768 -1221 -982 -795 -795 -841 -947 -912 -1039 -1234 -900 -43 587 767 707 968 697 799 732 732 884 930 813 765 664 533 424 309 279 156 105 46 23 22 14 14 13 9 31 98 92 86 380 840 2708
634 634 655 336 164 36 -3 -46 -129 -129 -558 -753 -1192 -1369 -1245 -728 -46 63 226 134 153 156 147 180 166 166 187 211 -194 -70 -85 -1820 -2285 -2642 -2403 -2102 -1677 -888 -63 -32 -39 -39 -48 -42 -254 -456 -425 -529 49 630 753 770 524 606 821 697 697 866 886 825 730 670 540 392 310 281 261 187 50 20 14 12 12 9 9 8 7 48 25 236 756 2111
584 525 441 222 298 177 76 17 -7 -7 -17 -68 -79 -368 -1012 -813 -106 18 83 96 132 128 120 134 133 133 182 188 199 214 153 167 103 -165 -295 -1096 -508 -51 -2 1 1 1 -5 -2 -15 -6 -25 71 251 377 960 860 733 583 520 842 842 809 821 813 778 677 514 408 308 301 295 269 163 61 12 8 8 8 4 2 3 11 12 51 364 2114
661 666 424 261 284 183 125 103 131 131 126 133 106 -3 -71 -492 -89 6 55 74 91 93 110 124 100 100 160 170 198 212 209 211 218 187 121 38 64 50 14 5 9 9 6 5 114 234 113 228 631 -128 1258 883 861 694 579 528 528 675 964 824 785 660 530 465 388 331 379 320 257 184 127 19 19 14 2 -2 2 4 8 14 87 722
623 622 577 459 357 293 147 249 180 180 235 200 188 137 8 3 4 6 43 13 64 54 69 91 104 104 127 127 170 187 202 127 182 -77 -47 7 32 54 23 81 14 14 141 200 218 402 313 326 553 307 1098 849 882 896 702 584 584 562 753 806 646 664 593 482 446 407 346 375 351 288 220 165 165 103 79 56 17 2 2 3 6 209
631 625 602 535 408 390 312 266 434 434 341 274 253 298 152 108 -46 21 8 -2 19 51 57 55 43 43 24 19 135 165 200 -65 -66 -37 71 127 143 161 219 198 20 20 488 95 59 603 506 553 689 983 1016 833 1022 951 990 654 654 595 728 665 674 695 619 572 524 459 447 404 421 344 271 243 243 246 183 122 36 -1 -10 -11 -20 -4
586 615 602 602 567 490 723 546 510 510 380 286 172 329 167 163 174 140 120 105 56 87 113 117 115 115 103 137 100 85 124 63 -16 121 175 164 138 159 177 31 152 152 314 1037 76 75 932 906 -1015 1272 1305 757 807 1087 858 891 891 803 844 910 870 821 769 736 709 651 636 509 500 418 384 358 358 270 303 256 185 14 -27 -31 -44 -45
465 539 546 606 592 505 503 514 533 533 404 375 330 223 294 204 184 239 163 138 101 81 128 120 140 140 144 130 131 128 121 151 171 185 207 164 212 133 138 36 189 189 406 644 526 -35 168 574 157 378 1057 901 817 942 947 920 920 857 903 973 942 900 848 786 748 736 697 640 538 466 413 376 376 356 322 279 215 61 -15 -29 -39 -58
484 488 490 485 473 450 445 522 561 561 688 707 502 391 280 262 211 196 176 154 127 99 132 132 153 153 160 156 159 164 140 140 165 197 202 210 220 136 133 45 297 297 378 664 580 207 -34 8 -793 -11 310 1266 1366 1111 1032 908 908 868 973 1017 953 895 931 887 816 742 686 625 573 528 450 409 409 361 304 285 233 107 4 -9 -29 -48
512 459 425 390 396 420 471 484 591 591 697 900 671 373 311 244 226 211 195 170 138 124 171 166 189 189 207 193 179 264 199 152 85 258 40 278 277 198 160 175 53 53 369 622 389 758 33 -1035 -1000 -721 -5 327 1397 1344 1179 994 994 957 959 987 972 996 1266 1043 1035 801 713 697 591 536 526 456 456 413 352 299 243 140 37 7 -24 -49
540 504 492 506 499 462 474 455 496 496 604 679 593 385 312 261 246 231 208 180 168 172 177 211 248 248 236 236 247 263 148 242 258 111 140 148 280 298 234 284 286 286 390 513 230 549 354 -772 -1144 -1019 -737 105 244 1106 1368 1093 1093 1097 1134 1086 1049 1134 1043 989 1082 852 745 675 539 615 604 544 544 448 424 386 313 192 103 61 5 -12
765 607 509 464 465 458 457 450 470 470 494 567 387 295 261 284 276 257 227 207 210 206 241 271 342 342 262 258 152 311 319 329 273 230 334 208 219 356 321 303 351 351 203 328 95 379 552 -388 -649 -1145 -809 -595 164 612 912 532 532 1233 1221 1302 1174 999 1020 887 893 874 782 642 634 651 709 666 666 604 534 470 353 304 224 165 27 -4
706 671 561 491 455 456 524 513 589 589 525 513 565 379 323 321 309 286 257 255 246 247 283 402 436 436 345 385 361 387 387 343 367 281 181 306 507 510 290 222 392 392 340 387 79 187 418 497 -619 -790 -1121 -829 1 234 404 343 343 559 724 1228 1185 1060 971 888 788 731 682 723 662 676 835 732 732 601 631 526 421 360 248 271 65 -9
774 663 599 564 507 460 558 597 534 534 419 449 390 374 417 373 352 336 319 296 289 280 321 391 470 470 376 414 472 464 496 483 428 395 272 340 219 202 211 60 414 414 449 542 185 316 372 596 76 -701 -781 -1672 -686 33 875 548 548 487 939 1099 1114 1106 1015 867 785 853 852 870 785 757 712 677 677 669 737 583 486 393 348 303 134 108
912 734 663 611 535 515 659 537 549 549 454 436 433 423 408 426 434 421 395 305 279 368 399 445 398 398 403 444 604 516 580 616 508 441 378 402 291 324 140 375 422 422 488 505 148 219 333 496 411 -396 -618 -1258 -1071 11 1096 689 689 1225 541 1009 843 902 1042 953 861 989 967 926 853 804 760 656 656 863 625 600 552 443 350 263 189 152
861 728 674 588 500 503 523 595 563 563 520 486 460 448 450 457 546 503 428 396 427 278 584 421 402 402 457 456 748 802 691 680 458 423 342 302 391 331 223 288 379 379 432 493 164 213 290 401 817 202 -334 -1158 -968 -789 -26 70 70 617 796 921 766 873 916 960 928 954 1033 937 970 987 751 719 719 819 612 439 382 420 320 251 208 170
867 742 658 589 569 597 549 648 619 619 583 519 510 485 506 687 802 634 475 492 566 480 455 420 451 451 489 435 966 879 998 574 490 404 342 296 300 221 156 208 313 313 344 443 210 362 420 320 419 426 -41 -957 -1331 -801 -628 -164 -164 78 599 886 947 925 961 946 974 998 955 963 928 981 906 651 651 936 726 509 498 395 297 249 208 168
