hypsometry_terrestrial_planets_input/topography/earth.etopo1.cea.asc
ncols        768
nrows        242
xllcorner    -20037488.186061784625
yllcorner    -6348491.377794721164
dx           52136.492712402141
dy           52204.467279171899
[rows 36 to 71 of 242, columns 328 to 409 of 768]
-2634 -2944 -3205 -3250 -3325 -2934 -3028 -2389 -4099 -3971 -3542 -3963 -3963 -4350 -4516 -4717 -4630 -4014 -3471 -3965 -3469 -3583 -5500 -4480 -5228 -4542 -4214 -4222 -4222 -5044 -5041 -5030 -5069 -4991 -3750 -2221 -1514 -260 -137 1 -53 -46 -248 -19 -19 -26 -161 -2719 -1228 -2143 -1671 -733 -120 46 65 112 159 211 134 134 124 332 754 658 231 32 131 136 280 855 1260 366 -267 -1771 -1024 -1024 -1301 -378 -6 78 125 406
-3011 -3220 -3446 -3460 -3416 -3580 -3602 -3555 -3328 -3604 -2587 -4037 -4037 -5504 -3561 -4215 -4177 -3869 -4625 -4684 -4662 -4587 -4637 -5282 -5335 -5265 -5248 -5309 -5309 -4159 -3740 -790 -1720 -2659 -2790 -1831 -88 514 344 592 756 954 1355 1152 1152 1058 1143 1011 956 731 634 935 548 571 865 1937 2026 1363 1364 1364 1049 1052 227 -81 -160 -705 -874 -1887 -2314 -2497 -2583 -2683 -2715 -2698 -1540 -1540 -55 -569 19 -102 84 462
-2683 -3262 -3662 -3327 -3720 -3515 -3405 -3621 -3627 -3941 -3876 -3564 -3564 -4086 -4019 -4119 -4639 -4599 -4555 -5031 -4860 -5363 -5346 -5054 -5355 -5318 -5329 -5327 -5327 -5265 -4424 -2852 -2091 -2735 -2732 -2256 -196 -1 847 486 1202 1670 1283 773 773 777 842 767 882 1818 999 1211 273 466 481 951 652 753 1367 1367 1191 975 474 39 -1245 -1831 -2101 -2277 -2447 -2579 -2681 -2757 -2756 -2663 442 442 376 -635 -253 -599 -122 57
-2794 -3407 -3554 -3542 -3711 -3591 -3759 -3821 -3946 -4027 -3763 -3728 -3728 -3740 -3222 -4564 -5090 -5132 -5116 -5638 -5636 -5213 -5058 -5302 -5332 -5335 -5339 -5352 -5352 -5320 -5074 -3432 -2460 -2948 -3108 -2505 -134 279 412 928 707 660 781 699 699 713 762 784 820 984 1125 1133 1148 300 331 316 291 235 431 431 412 483 145 -133 -1794 -2545 -2488 -2378 -2498 -2625 -2705 -2852 -2790 -2202 218 218 625 -895 -1140 -1450 -914 -518
-3262 -3001 -3427 -3581 -3553 -3974 -4165 -3894 -4073 -3493 -2570 -3814 -3814 -2426 -4728 -4982 -5109 -5568 -5310 -5598 -5489 -5192 -4635 -3045 -5315 -5354 -5187 -5349 -5349 -5330 -4961 -4032 -4150 -2186 -3818 -3402 -184 -7 227 293 813 677 712 855 855 789 762 849 987 1383 1079 897 846 938 502 202 181 535 174 174 82 -265 -959 -1735 -2378 -2602 -2639 -2585 -2597 -2663 -2754 -2903 -2815 -1753 -313 -313 -8 -356 -1394 -1738 -1186 -1570
-2802 -2986 -2963 -3471 -3651 -4054 -4189 -4325 -4206 -4246 -4069 -4099 -4099 -4673 -4859 -5490 -5108 -4266 -4846 -4733 -5519 -4647 -5330 -4487 -5361 -4671 -5057 -5343 -5343 -5299 -5251 -5185 -5052 -4809 -3951 -703 -118 43 225 784 489 1127 465 1219 1219 2060 470 475 651 663 798 1104 1361 1158 1047 967 62 -76 -227 -227 -1648 -1722 -1779 -1604 -247 -1884 -2669 -2794 -2823 -2836 -2715 -2757 -1602 -166 544 544 505 -715 -1883 -2405 -2876 -2512
-2910 -3087 -3439 -3455 -3130 -4000 -3688 -4071 -4379 -4369 -4124 -4666 -4666 -4981 -4469 -4832 -4924 -4979 -3340 -5197 -5129 -3886 -4862 -5316 -5387 -5297 -4126 -5439 -5439 -3273 -4897 -4958 -5089 -4574 -3528 -1710 -108 108 212 320 242 274 241 316 316 374 636 676 674 704 856 905 994 865 559 34 -102 -131 -1438 -1438 -1388 -472 823 -5 -316 -274 -2749 -2810 -2795 -2805 -2861 -2853 -1987 -58 545 545 409 -298 -1859 -2244 -2925 -3303
-2709 -2966 -3323 -3698 -3829 -3361 -3976 -3932 -4611 -4443 -4497 -5190 -5190 -4777 -5062 -5344 -4813 -4974 -5112 -5162 -5087 -5290 -5412 -4892 -4910 -4033 -3520 -3788 -3788 -4414 -3968 -4824 -4885 -2312 -1102 -124 102 18 151 168 526 330 449 320 320 408 541 605 747 648 692 719 681 721 418 -4 -803 -1297 -680 -680 -461 -609 -88 -348 -1850 -1823 -2462 -2756 -2893 -3016 -2881 -2895 -709 -94 157 157 41 -1257 -2011 -2766 -2792 -3306
-1978 -1962 -2986 -3407 -3731 -3776 -3822 -4133 -4104 -4211 -5032 -4365 -4365 -4080 -5095 -5244 -5408 -5426 -4512 -5127 -5077 -5484 -5538 -4338 -5405 -5507 -4318 -3397 -3397 -4300 -4874 -4429 -4160 -3903 -1956 -143 121 51 174 307 168 265 265 510 510 531 485 651 670 792 974 1010 873 776 874 993 -30 -856 -102 -102 -221 -981 -2219 -2610 -2392 -2183 -2667 -2719 -2904 -2855 -2899 -2848 -2529 -416 -121 -121 -983 -1431 -1961 -2321 -1355 -1961
-959 -2253 -2877 -3143 -3524 -3493 -3871 -3794 -4640 -4554 -4763 -4897 -4897 -4814 -5219 -5094 -4683 -4484 -5306 -5464 -5245 -5298 -5423 -5513 -5340 -5030 -3767 -4488 -4488 -4788 -4868 -5065 -5047 -5011 -4402 -2059 -1080 65 80 352 213 356 566 576 576 544 690 681 552 563 996 1033 341 874 76 -78 -320 -905 -1489 -1489 -1629 -2252 -2749 -2691 -2765 -2715 -2729 -2856 -2893 -2887 -2905 -2858 -2804 -2531 -2355 -2355 -1744 -717 -430 -496 -883 -1011
-2069 -767 -2136 -305 -2253 -3121 -3314 -4204 -4165 -3516 -4052 -3594 -3594 -4319 -5060 -4770 -4591 -4633 -4758 -4629 -4727 -4666 -4640 -3254 -2008 -2834 -3246 -4191 -4191 -5096 -5125 -5120 -5111 -3955 -3925 -2530 -447 218 154 405 42 76 16 53 53 169 404 428 574 1175 1897 1014 -27 -2075 -2445 -2697 -2698 -2840 -2804 -2804 -2787 -2791 -2776 -2762 -2707 -2690 -2723 -2630 -2685 -2628 -2486 -2108 -2310 -673 -217 -217 -24 39 -50 -149 -276 -201
-3588 -1580 -2599 -2903 -3478 -4047 -4067 -4241 -4133 -4457 -4370 -4389 -4389 -4545 -5050 -5184 -5290 -5248 -5301 -5107 -4255 -4540 -2897 -3195 -1682 -239 -2847 -3451 -3451 -4005 -4530 -4649 -967 -2833 -3728 -3538 -897 -743 -705 -662 -455 -54 30 181 181 723 196 259 79 -1 43 -53 -1196 -2586 -2668 -2695 -2666 -2554 -2631 -2631 -2475 -1727 -91 12 35 181 446 -633 317 31 308 63 13 128 478 478 284 53 18 148 -118 -422
-4417 -3910 -3292 -2841 -3657 -4343 -4579 -4519 -5157 -4787 -4577 -4601 -4601 -5199 -5516 -5556 -5519 -5463 -5193 -5222 -4766 -4263 -3852 -2248 -2657 -3985 -4495 -4214 -4214 -3524 -3705 -2586 -3907 -4856 -4818 -3785 -3776 -2484 -1414 -988 -836 -644 -26 42 42 -58 -894 -943 -698 -868 -1786 -1580 -1964 -2555 -2653 -2660 -765 593 188 188 172 281 860 686 738 561 770 1030 1115 780 653 870 791 697 557 557 352 419 280 -75 -37 -229
-3851 -3967 -4114 -4124 -4351 -4803 -4494 -4801 -5027 -5051 -5175 -5305 -5305 -5342 -5386 -5577 -5339 -5294 -4945 -4526 -3920 -3045 -2780 -3077 -3816 -4484 -4865 -4874 -4874 -4875 -4880 -4872 -4872 -4876 -4505 -4454 -3789 -2908 -2098 -1505 -1245 -694 -293 67 67 -118 -832 -1515 -1424 -882 -471 -600 -683 -477 -19 113 70 210 694 694 819 877 663 776 584 491 626 1163 1326 803 829 863 758 667 778 778 907 406 31 2 -61 -103
-4261 -4516 -4139 -4810 -5019 -5075 -4933 -5129 -5004 -5083 -5112 -5271 -5271 -5245 -5167 -5226 -4925 -4426 -4614 -3820 -3148 -2586 -1182 -2001 -1981 -4160 -4646 -3831 -3831 -3185 -4030 -3610 -3416 -4450 -4390 -4071 -3478 -3065 -2398 -1633 -1142 -571 -77 192 192 438 -28 -153 242 -27 -89 -94 -94 267 565 713 676 886 978 978 1028 804 810 947 765 492 449 414 825 1748 1203 1455 1093 1118 678 678 430 210 73 99 -25 -42
-4617 -4805 -5195 -4903 -5199 -5135 -5260 -5196 -5144 -5173 -5249 -5221 -5221 -5198 -5146 -4985 -4966 -4595 -4164 -3618 -2193 -2924 -3281 -3492 -3403 -3442 -3988 -4033 -4033 -4459 -4216 -4471 -4480 -4455 -3982 -4274 -4191 -3428 -2923 -2451 -1592 -139 13 297 297 265 507 1566 1597 400 367 825 512 1258 931 947 1163 1065 1044 1044 1068 886 913 1122 1134 865 577 214 52 41 119 355 856 708 531 531 468 169 173 7 -3 -22
-4608 -4939 -4903 -5188 -5338 -5301 -5405 -5433 -5351 -5319 -5316 -5185 -5185 -5288 -5000 -4522 -4457 -4233 -3650 -4196 -4110 -3898 -3918 -3975 -4006 -1895 -4453 -4447 -4447 -4441 -4499 -4454 -4402 -4409 -4375 -4356 -2814 -767 -132 -93 52 184 387 637 637 920 1205 1460 1420 1178 1188 1080 1045 1085 1076 1050 1164 1277 1384 1384 1176 1016 795 728 733 628 374 259 93 35 19 31 23 16 14 14 82 108 6 4 -45 -42
-4775 -4436 -4938 -5363 -5260 -5433 -5416 -5351 -5361 -5323 -5307 -5115 -5115 -5004 -4427 -4293 -3890 -3364 -3753 -3663 -2988 -2589 -3833 -3544 -4035 -4398 -4423 -4431 -4431 -4219 -4115 -4147 -4034 -4297 -4369 -3529 -470 -96 77 219 400 684 786 1013 1013 1887 1966 1710 811 1445 1281 1213 1189 1165 1177 1165 1248 1179 1059 1059 960 875 828 768 655 562 376 139 89 85 91 90 64 43 63 63 102 223 497 67 -5 -20
-4979 -4804 -4898 -5415 -5283 -5404 -5394 -5309 -5251 -5225 -5170 -5080 -5080 -4652 -4182 -3917 -3842 -3555 -3193 -177 218 -3692 -4125 -4308 -4366 -4273 -4216 -946 -946 -3542 -3860 -3545 -3632 -4178 -3448 -1746 -86 115 190 383 612 640 671 794 794 1690 1324 1184 1383 1439 1300 1410 1197 1427 1252 1106 862 899 868 868 778 707 693 756 576 374 315 173 104 110 119 107 102 118 152 152 207 286 554 142 87 26
-5172 -4690 -4780 -4903 -5465 -5445 -5389 -5294 -5035 -5104 -5028 -4950 -4950 -4663 -4076 -3964 -4419 -4509 -4313 -4097 -3778 -4338 -4398 -4384 -4346 -4335 -4216 -4021 -4021 -3875 -3419 -3259 -3254 -2909 -2229 -93 50 261 355 495 364 415 1494 2362 2362 2165 1479 1320 1311 1022 970 1028 1297 935 983 906 732 767 704 704 673 594 556 633 457 349 262 153 167 131 135 124 126 164 180 180 256 315 412 200 137 113
-5310 -5244 -5313 -5445 -5420 -5425 -5388 -5261 -5167 -5035 -4920 -4934 -4934 -4675 -4263 -4645 -4734 -4608 -4552 -4451 -4366 -4427 -4382 -4418 -4410 -4246 -3754 -3059 -3059 -2754 -3234 -2992 -2539 -2257 -1188 -28 525 220 340 517 717 1585 3313 2345 2345 1592 1118 1042 1067 983 730 830 723 786 830 782 741 697 572 572 544 546 567 468 388 309 244 208 146 159 143 140 161 173 195 195 241 312 349 500 650 647
-4928 -5437 -5434 -5436 -5436 -5409 -5352 -5228 -5117 -5025 -4920 -4888 -4888 -4836 -4801 -4740 -4684 -4636 -4592 -4526 -4428 -4478 -4363 -4225 -4002 -3454 -1710 -3171 -3171 -2661 -3109 -3005 -1775 -891 -294 198 1039 669 914 2080 1900 1958 1477 1788 1788 1027 843 751 1028 913 620 663 700 756 692 643 584 585 547 547 561 541 532 431 370 277 192 155 173 163 162 170 170 194 222 222 265 317 407 492 554 564
-5269 -5172 -5262 -5412 -5430 -5410 -5311 -5180 -5068 -5003 -4990 -4890 -4890 -4838 -4798 -4767 -4630 -4601 -4537 -4459 -4310 -4110 -3863 -3720 -3359 -3008 -2793 -2346 -2346 -2502 -2153 -2024 -2776 -2198 -726 357 1427 1239 996 2097 1566 1431 1005 953 953 889 663 659 785 750 634 551 687 643 627 588 569 518 525 525 514 478 459 394 326 251 190 203 196 196 183 183 196 210 249 249 282 328 395 556 577 632
-5159 -5355 -5348 -5428 -5413 -5376 -5305 -5204 -5094 -4993 -4929 -4864 -4864 -4813 -4783 -4728 -4631 -4573 -4468 -4284 -4031 -3565 -2651 -3387 -2533 -3032 -2752 -2600 -2600 -911 -1923 -2214 -2078 -1803 -889 -83 189 961 1449 2015 1580 811 1112 700 700 768 739 605 702 655 605 535 566 556 537 515 481 480 452 452 437 439 443 330 327 256 232 224 236 219 224 231 240 252 281 281 310 326 380 511 576 601
-5206 -5365 -5192 -5383 -5323 -5280 -5174 -5114 -5037 -4946 -4872 -4771 -4771 -4766 -4681 -4630 -4524 -4430 -4283 -4136 -3891 -3639 -3565 -3596 -3473 -3362 -3106 -2111 -2111 -1727 -1901 -1971 -1786 -1257 -126 170 480 1658 1285 753 477 498 479 538 538 621 570 532 582 583 708 425 437 477 451 441 400 372 379 379 392 510 419 418 301 304 303 311 269 267 274 280 296 327 333 333 362 455 420 584 624 630
-5090 -5258 -5412 -5304 -5211 -5105 -5070 -4976 -4925 -4885 -4817 -4737 -4737 -4624 -4506 -4407 -4264 -3075 413 -3409 -2856 -2635 -3611 -3580 -3524 -2015 -784 -1116 -1116 -336 -99 -74 -60 161 302 391 458 277 444 557 569 594 587 523 523 487 444 469 458 446 369 379 403 344 368 242 296 400 447 447 462 597 566 510 437 467 373 351 388 327 320 368 397 504 523 523 629 694 692 641 598 713
-5360 -5297 -5304 -5190 -5169 -5108 -5028 -4963 -4907 -4853 -4802 -4670 -4670 -4588 -4432 -4296 -4184 -3795 -3023 -214 1445 -1476 -1239 -2291 -27 -68 -1410 -610 -610 -56 -47 -15 196 331 242 296 338 545 509 495 412 443 444 445 445 435 430 408 407 398 369 326 342 291 253 256 303 398 433 433 559 635 663 616 551 499 468 429 368 430 459 408 443 484 495 495 578 630 577 584 600 539
-5284 -5251 -5228 -5218 -5168 -5101 -4992 -4906 -4887 -4844 -4769 -4687 -4687 -4556 -4409 -4242 -4079 -1849 -3010 -3443 -3041 -3181 -67 -1710 -2452 -2017 -1323 -28 -28 -60 177 318 154 465 544 539 494 476 458 354 398 434 403 430 430 408 373 382 386 366 333 357 336 290 206 245 320 353 454 454 582 395 416 417 532 452 452 550 457 410 420 463 475 468 532 532 434 523 477 522 511 493
-5242 -5015 -5050 -5169 -5172 -5075 -5004 -4929 -4894 -4836 -4733 -4632 -4632 -4479 -4278 -4109 -3905 -3792 -3740 -3649 -3598 -3524 -3162 -2882 -2692 -2156 -954 32 32 120 237 357 182 319 493 522 483 444 442 438 347 313 365 364 364 380 379 423 475 414 343 313 325 287 257 166 300 328 333 333 358 324 286 360 357 468 503 480 486 437 529 431 483 474 490 490 559 545 455 506 560 542
-4925 -5282 -5211 -5145 -5179 -5065 -5006 -4928 -4875 -4815 -4676 -4562 -4562 -4366 -4118 -3814 -3722 -3733 -3699 -3648 -3619 -3460 -3333 -2925 -1972 -782 -49 135 135 176 216 173 214 275 373 535 443 417 434 359 429 385 372 374 374 468 508 459 488 413 359 343 328 278 276 182 279 284 226 226 250 235 269 315 338 459 627 588 713 477 682 769 616 531 538 538 556 576 528 582 553 578
-5106 -5329 -5226 -4937 -5178 -5081 -5011 -4950 -4846 -4766 -4639 -4453 -4453 -4205 -4045 -3712 -2983 -3544 -3574 -3576 -3631 -3394 -2232 -833 -140 79 101 186 186 223 309 390 316 459 477 471 447 429 414 424 384 364 393 393 393 469 436 394 401 389 348 316 278 287 250 232 245 145 129 129 145 256 277 289 401 401 740 628 912 683 573 911 1014 782 825 825 786 696 577 628 577 564
-2723 -5231 -5078 -5177 -5259 -5127 -5021 -4949 -4849 -4755 -4564 -4456 -4456 -3871 -3904 -3525 -3159 -3222 -3373 -3375 -3324 -2177 -400 -173 -67 111 120 183 183 294 307 374 446 443 405 369 371 374 357 403 428 442 377 376 376 380 377 365 287 337 291 279 281 266 254 254 275 270 164 164 230 282 313 433 835 694 1555 705 905 885 1142 1076 1255 1312 999 999 829 798 668 652 676 883
-5141 -5240 -5215 -5229 -5155 -5081 -5011 -4894 -4807 -4680 -4512 -4328 -4328 -4185 -3830 -3429 -3050 -2984 -2993 -2999 -2311 -650 -84 -73 121 135 244 185 185 289 411 365 353 324 320 310 317 355 402 358 327 363 382 397 397 268 260 290 221 229 260 279 264 258 261 283 301 298 238 238 282 311 348 439 922 1026 875 910 1131 1060 1072 1220 1227 1671 1426 1426 1279 1015 723 756 693 854
-5340 -5373 -5284 -5211 -5161 -5085 -4984 -4880 -4759 -4625 -4461 -4222 -4222 -3933 -3496 -3167 -2995 -2784 -2774 -2458 -1495 -109 -51 -31 127 180 274 228 228 224 270 263 288 287 286 288 287 298 367 402 350 332 359 296 296 220 205 220 265 308 303 272 259 263 280 300 311 326 370 370 653 340 456 569 729 788 912 999 898 1063 1057 1217 1154 1097 1066 1066 1284 1411 740 805 695 936
-5423 -5346 -5277 -5222 -5109 -5054 -4975 -4879 -4699 -4568 -4440 -4136 -4136 -3948 -3648 -3175 -2856 -2614 -2333 -1831 -794 -43 -28 48 154 255 298 322 322 193 210 235 207 242 253 253 253 281 340 357 374 353 309 306 306 291 303 279 316 291 291 244 282 282 293 306 320 339 365 365 385 435 662 690 732 740 889 1116 1057 1178 1167 1314 1071 974 926 926 979 1072 1258 1070 723 1038
-5381 -5333 -5300 -5175 -5123 -5026 -4931 -4824 -4714 -4563 -4383 -4283 -4283 -3903 -3641 -3417 -3116 -2736 -2285 -1035 -78 -31 38 160 259 325 354 332 332 228 274 258 239 235 246 227 244 251 320 336 286 296 281 339 339 325 321 303 306 309 293 245 291 296 305 316 329 344 369 369 402 440 479 523 611 745 899 1021 1465 1521 1660 1202 1313 1096 892 892 857 824 900 976 841 1077
