hypsometry_terrestrial_planets_input/topography/mars.mola.cea.asc
ncols        767
nrows        244
xllcorner    -10669445.554195122793
yllcorner    -3391643.283919043839
cellsize     27818.988868520672
[rows 111 to 147 of 244, columns 492 to 573 of 767]
1774 1541 1516 1602 1664 1664 1432 1457 1504 1487 1509 1507 1517 1592 1514 1484 1625 1621 1695 1690 1716 1716 1756 1724 1832 1857 1887 1942 1931 1918 1967 1999 1902 1927 1900 1772 1942 1364 1364 1321 1475 1561 1648 1528 1529 1493 1490 1308 1242 1172 1120 959 858 805 805 706 522 427 345 242 -56 -210 -103 -1004 -489 -2536 -3418 -3542 -3675 -3771 -3771 -3714 -3785 -3822 -3825 -3823 -3851 -3755 -3788 -3793 -3786 -3785
1774 1541 1516 1602 1664 1664 1432 1457 1504 1487 1509 1507 1517 1592 1514 1484 1625 1621 1695 1690 1716 1716 1756 1724 1832 1857 1887 1942 1931 1918 1967 1999 1902 1927 1900 1772 1942 1364 1364 1321 1475 1561 1648 1528 1529 1493 1490 1308 1242 1172 1120 959 858 805 805 706 522 427 345 242 -56 -210 -103 -1004 -489 -2536 -3418 -3542 -3675 -3771 -3771 -3714 -3785 -3822 -3825 -3823 -3851 -3755 -3788 -3793 -3786 -3785
1794 1688 1637 973 1546 1546 1591 1482 1508 1481 1552 1507 1547 1680 1786 1568 1587 1660 1677 1722 1761 1761 1742 1816 1825 1828 1929 1937 1922 1915 1943 1915 1843 1827 1865 1830 1922 1653 1653 1509 1595 1758 1050 1841 1686 1446 1393 1410 1284 1212 1090 1020 906 794 794 746 844 661 510 559 -83 -202 -665 -1015 -796 -361 -2666 -3083 -3576 -3744 -3744 -3744 -3707 -3765 -3737 -3801 -3823 -3723 -3762 -3769 -3760 -3702
1386 1427 1710 1688 1740 1740 1748 1759 1610 1534 1588 1611 1771 2008 1862 1665 1519 1570 1604 1679 1780 1780 1753 1844 1807 1758 1856 1849 1902 1885 1992 1897 1845 1865 1796 1807 1864 1889 1889 1668 1692 1754 1321 1747 1612 1578 1395 1378 1268 1270 1216 1137 1005 878 878 865 772 662 643 497 623 1076 -430 -441 -359 -1913 -1822 -2463 -2886 -3298 -3298 -3436 -3296 -3481 -3705 -3689 -3186 -3648 -2492 -3314 -3682 -3530
1382 1379 1712 1540 1282 1282 1410 1729 1667 1511 1496 1722 1852 1905 189 1185 1555 1594 1675 1639 1736 1736 1793 1854 1851 1855 1882 1820 1866 1952 1887 1853 1867 1787 1719 1773 1735 1854 1854 1686 1701 1685 1733 1581 1552 1446 1326 1379 1291 1265 1250 1046 959 976 976 869 769 766 677 918 484 570 -68 -305 -985 -802 -1578 -1613 -1795 -783 -783 -2564 -2823 -1352 -2323 -1255 -3076 -1984 -2716 -2704 -3173 -2981
1378 1326 1585 1415 1346 1346 1141 1922 1488 1662 1526 1675 1770 1896 694 1770 1573 1557 1692 1733 1752 1752 1742 1750 1864 1890 1892 1473 1825 1871 1847 1834 1825 1880 1672 1614 1909 1765 1765 1676 1698 1653 1638 1519 1502 1528 1339 1350 1321 1259 1206 1154 1108 1060 1060 953 821 764 689 759 676 1326 286 -108 -475 -491 -1226 -646 -955 -1522 -1522 -1435 -1767 -420 -2577 -1810 -994 -1382 -1894 -1777 -1912 -2116
1889 1628 1717 1620 1885 1885 2222 1917 1676 1469 1642 1112 1702 1569 1578 1528 1514 1549 1635 1714 1766 1766 1762 1767 1915 1848 1804 1901 1892 1728 1939 1896 1855 1847 1752 1747 1908 1704 1704 1660 1797 1618 1617 1577 1492 1620 1419 1384 1331 1270 1226 1140 1141 1094 1094 1003 848 774 769 1048 667 -577 407 -95 -17 -310 -356 -254 -843 -891 -891 1048 -1360 1103 -1083 -686 -1219 -1205 -1267 -1056 -975 -1362
2052 1744 1861 1975 1983 1983 1477 1703 1694 1635 1512 1627 1670 1737 1557 1597 1532 1609 1639 1704 1880 1880 2291 2092 1916 1943 1906 1910 1918 1875 1863 1913 1850 1870 1813 1826 1858 1844 1844 1880 1706 1748 1595 1584 1536 1619 1439 1430 1316 1321 1221 1177 1160 1158 1158 1426 918 819 786 761 766 415 -86 388 392 -400 -449 124 -532 -711 -711 -736 -810 246 -782 75 -583 -492 -803 -1069 -692 -511
1937 451 1690 1701 1748 1748 1797 1724 1589 1545 1698 1768 2048 1788 2092 1886 1571 1606 1599 1612 1825 1825 2082 2318 2102 1909 1885 1711 2150 1922 1836 1886 1844 1834 1800 1833 1762 1802 1802 1855 1544 1698 1711 1624 1631 1496 1442 1492 1419 1322 1341 1543 1054 1323 1323 902 863 850 783 783 737 992 166 829 -222 -282 -205 224 1189 -157 -157 -217 93 -749 501 0 -316 -551 400 295 1167 -1050
2337 2153 1943 1734 1725 1725 1857 1901 1940 2095 2231 1879 2156 2294 2147 2181 1617 1581 1611 1628 1684 1684 1971 2298 2211 2099 2220 2143 1835 1793 1865 1822 2069 1829 1788 1842 1801 1849 1849 1902 1788 1737 1711 1646 1610 1526 1507 1489 1491 1369 1387 1326 1235 1196 1196 1665 821 866 925 859 800 840 225 10 -45 39 1 128 753 -23 -23 100 64 -30 -330 -238 129 484 331 741 -617 -673
2248 2018 2057 1900 2020 2020 2042 2193 2057 1432 1636 1631 1430 1809 2390 2030 1799 1611 1643 1647 1711 1711 1888 2062 2237 2486 1384 1130 1821 1792 1754 1731 2032 1861 1818 2151 1830 1856 1856 1796 1772 1745 1739 1743 1704 1532 1476 1542 1478 1431 1375 1318 1137 963 963 995 895 1382 820 726 1445 1329 338 1047 237 942 1762 948 1312 1051 1051 1663 891 966 1536 1034 1224 521 409 62 -335 24
2265 2143 2103 2297 2239 2239 2353 2158 1732 1430 1430 1377 1345 1379 2291 2022 1742 1833 1660 1640 1666 1666 1788 1929 2096 2431 1378 1774 2030 1795 1780 1719 1974 1960 1883 2257 1879 1933 1933 1768 1739 1808 1687 1671 1656 1634 1541 1198 1419 1418 1401 1588 1290 1198 1198 1121 1069 872 930 784 1214 698 1450 202 1443 1501 1883 552 1009 1698 1698 1501 1858 1896 1946 1146 1159 805 286 230 209 339
2375 2361 2456 2529 2517 2517 2847 2149 1398 1475 1750 1348 1563 1496 1564 1854 1782 1715 1760 1675 1702 1702 1686 1707 1985 2331 2220 2364 2132 1751 1870 1764 1788 2218 2486 2276 2093 1854 1854 1806 1734 1734 1723 1653 1627 1675 1600 1535 1446 1509 1347 1241 1221 1301 1301 242 1065 807 1208 870 837 834 652 637 1434 3091 891 618 3118 1679 1679 2281 1280 1202 860 804 1411 804 522 516 -841 383
2552 2591 2568 2847 2924 2924 2738 1957 1482 1581 1366 1471 1718 2139 1882 1984 1942 1917 1754 1725 1727 1727 1781 1858 2143 2116 2123 2095 2191 1778 2023 2340 1805 1881 2392 2311 2299 2041 2041 1867 1817 1751 1755 1818 1682 2114 1527 1598 1519 1613 1426 1338 1605 1649 1649 240 955 1539 1655 764 962 824 1086 1789 1592 1151 982 1992 1425 1572 1572 2044 1833 1266 1173 1070 1164 1466 1228 1170 1056 800
2560 2553 2632 2760 2500 2500 2271 1617 1470 1359 1469 1519 1626 -363 21 312 2560 2184 1765 1708 1733 1733 1862 1997 2096 2167 2028 2230 2237 2137 2249 1748 1708 1792 2315 2363 2516 2393 2393 1967 2124 2216 1987 2159 1211 1924 1553 2121 1774 837 1599 261 428 1369 1369 1260 1098 1203 2220 922 1830 1528 1980 1995 2056 1465 1981 1105 1366 1746 1746 2409 1618 1279 1210 1037 967 1191 998 978 1250 954
2772 2681 2623 2682 2811 2811 2209 1614 1580 1442 1413 1540 492 -374 -168 1280 2423 1911 1939 1969 1750 1750 1853 2092 2105 2137 2117 2081 2071 2231 1566 2478 1732 1818 2429 1618 2341 2539 2539 2184 1545 1732 2443 1933 1984 1978 1928 1977 1953 1735 1416 1617 1539 1175 1175 1301 1730 1422 1201 1110 1154 1219 1371 1500 1865 1659 2018 2024 1758 1579 1579 1837 1349 1521 1607 1477 2041 1402 922 933 940 683
2595 2716 2907 2803 2971 2971 2233 2093 1596 1684 1749 1822 2344 112 57 2526 2220 1844 1865 1971 1929 1929 2169 2167 2135 2121 1279 2052 2021 2345 1431 2168 2211 1958 866 835 826 2350 2350 2323 2347 1489 2140 1933 1829 1892 1875 1918 1838 1936 931 1004 1347 1038 1038 1297 1644 1661 1585 1100 1074 802 1399 1369 1999 1832 2608 1532 1749 2227 2227 1597 1236 1397 1421 1463 2085 1660 1219 1075 993 1119
2553 1367 1824 2879 3007 3007 2902 2024 1427 1647 1776 1804 1932 2292 2305 2434 2191 1942 1966 2179 2208 2208 2233 2257 2458 2315 2184 2272 2281 2502 2206 2275 2035 2898 876 881 915 2361 2361 2374 2340 1971 1933 1847 1907 2197 2458 2331 2011 1773 1686 1621 1306 1466 1466 1259 1313 1326 1194 985 1015 1169 1364 2114 1498 1813 2335 1867 975 2273 2273 2328 1295 2031 2004 2172 2052 824 1522 612 966 1420
2553 1367 1824 2879 3007 3007 2902 2024 1427 1647 1776 1804 1932 2292 2305 2434 2191 1942 1966 2179 2208 2208 2233 2257 2458 2315 2184 2272 2281 2502 2206 2275 2035 2898 876 881 915 2361 2361 2374 2340 1971 1933 1847 1907 2197 2458 2331 2011 1773 1686 1621 1306 1466 1466 1259 1313 1326 1194 985 1015 1169 1364 2114 1498 1813 2335 1867 975 2273 2273 2328 1295 2031 2004 2172 2052 824 1522 612 966 1420
2520 2705 2842 2589 2790 2790 2797 2503 1808 1727 1784 1704 1810 2142 2778 2368 2149 2186 2207 2269 2123 2123 2185 2357 2433 2348 2255 2373 2264 2431 2590 2389 2337 2493 2119 1672 2500 2446 2446 2335 1716 2225 1964 2045 2151 1041 610 1742 2261 1699 1614 1719 1792 2122 2122 1253 1317 1475 952 1088 1121 1308 1458 1671 1283 1733 2223 2073 2250 2010 2010 2089 2133 1738 2097 2490 2264 2119 1640 905 1206 2076
2521 2621 1847 2771 2807 2807 2679 2831 2927 2668 1794 1873 2794 2863 2471 2150 2093 2150 2139 2259 2136 2136 2234 2589 2448 2453 2622 2799 2413 2385 2247 2144 2087 2149 2800 2024 2304 2721 2721 2459 2486 2307 2228 2379 2333 583 551 675 2513 2003 1920 1754 1490 1591 1591 1709 1113 996 1167 826 927 1260 488 470 1623 2455 2443 2033 2469 2469 2469 2334 1698 1828 2265 2507 2413 1979 1424 1223 1714 1540
2638 2633 1596 2817 2676 2676 2571 2583 2449 2728 2596 2891 2631 2480 2271 2163 2046 2118 2222 2184 2237 2237 2486 2666 1471 2313 1615 1659 2302 2345 2226 2152 1158 2121 2597 3054 2128 2386 2386 1362 2690 2417 2443 2382 2649 617 591 642 2429 2295 1812 1863 1755 1639 1639 636 1506 1376 1230 1213 822 1594 567 691 1699 1621 1459 2326 2531 2382 2382 2304 1716 1729 2098 2378 2458 2115 2118 1887 1440 1279
2671 2719 2658 2704 2647 2647 2468 2398 2335 2412 2302 2371 3120 2669 2118 2146 2079 2045 2159 2209 2179 2179 2523 2687 2692 2805 1643 1657 1752 2279 2268 2101 2076 2343 1802 1858 3537 1978 1978 2231 2347 2342 2354 2282 2281 2385 1643 1969 2285 2341 2155 2101 1662 1490 1490 1494 1669 1394 1305 1509 1510 1378 1344 1281 1375 1406 1526 1537 2214 2134 2134 1839 1810 2119 2048 2139 2606 2445 2420 2574 2085 2646
2712 2605 2562 2141 2604 2604 2457 2267 2305 2482 2130 2159 2930 2355 2240 2140 1885 2215 2182 2194 2339 2339 2449 2786 2998 2942 3051 2969 2705 2781 2554 2262 2291 2571 1856 1997 2884 3003 3003 1970 2158 2242 2312 1926 2094 2312 2588 2092 2111 2022 1387 663 2273 1843 1843 1684 1276 593 1757 -194 895 1314 1277 1216 1280 1312 1510 1591 1517 1894 1894 2065 2440 2561 2758 2530 1717 2666 2594 2783 2582 2444
2677 2540 2490 2624 2609 2609 2398 2065 2246 2006 2078 2429 1926 2107 2073 2130 1231 2307 2158 2270 2608 2608 2488 2737 2649 2710 2651 2938 3079 2978 2836 2600 2472 2488 2790 2641 2267 2555 2555 2332 1802 1737 1928 1718 2012 1142 2199 1919 1930 1835 1125 800 1898 1621 1621 1417 1308 1192 1136 900 1492 1260 1198 1059 1211 1279 1415 1583 1558 2008 2008 2056 2706 2840 3216 2765 2745 2621 2223 2627 668 740
2472 2447 2545 2699 2531 2531 2366 2121 2116 1822 1756 1826 1757 1762 1787 2002 2036 2035 2151 1515 1551 1551 2681 2216 2457 2600 2707 2650 2864 2927 1864 1852 3083 2925 2652 2545 2452 2459 2459 1937 2894 1815 1681 1623 1741 1700 1975 1878 1938 1839 1858 1942 1769 1313 1313 1199 1260 1116 1120 1155 1164 1169 1230 1240 1172 726 1311 1341 762 1366 1366 2176 2344 2573 2048 3037 2779 2802 2693 2621 1282 1667
2412 2454 2365 2407 2405 2405 2341 2155 1809 1888 1703 1768 1706 1762 1749 1811 1949 2037 2073 2394 2348 2348 2695 2696 2673 2494 2543 2222 2788 3037 1876 1826 3049 2745 2592 2412 2355 2204 2204 2314 2520 2438 1658 1592 1665 1601 1604 1956 1773 2242 2073 1973 1946 1511 1511 959 1098 1060 1118 1155 1141 1182 1177 1296 1242 1346 1366 1553 1633 1941 1941 2187 2530 2754 1516 2731 2542 2315 2192 2222 2318 2365
2374 2480 2536 2481 2428 2428 2359 1940 1920 1821 1707 1832 1659 1676 1912 1893 1900 1924 2171 2237 2663 2663 1661 1788 2730 2584 2452 2480 2385 2873 3198 3135 2751 2643 2568 2410 2259 2225 2225 2133 2101 2266 2260 1630 1592 1612 1758 1801 745 1586 1472 1547 1492 534 534 624 729 1057 1064 1041 1187 1200 1245 1148 1174 1593 1574 2004 1793 2032 2032 2260 2481 2337 2495 2290 2247 2264 2222 2054 2058 2394
2331 2328 2506 2338 2333 2333 2312 2213 1901 1733 1835 1675 1728 1623 1842 1739 1991 1944 2198 2379 2396 2396 2392 2632 2209 2258 2258 2404 2716 2503 2509 2463 2580 2554 2515 2362 2417 2140 2140 2127 2207 2213 2270 2485 1582 1676 1815 1732 1685 643 1564 1493 1525 1391 1391 1264 1102 1081 1068 951 1039 1199 1184 1649 1154 1368 1799 2043 2104 2275 2275 2529 2495 2470 2438 2377 2227 2193 2058 2009 1998 2070
2434 2402 2388 2420 2405 2405 2357 2314 2092 1754 1762 1894 1705 1714 1835 1862 1860 1912 2071 2071 2284 2284 875 2675 2387 2171 2217 2182 2177 2101 2140 2192 1919 1890 2480 2323 2383 1930 1930 2269 2252 2233 2087 2202 2006 1714 1573 1683 1513 1459 1281 1351 1300 1404 1404 1219 1017 1057 1050 1131 1127 1185 1093 1471 1594 1528 1519 1715 2088 2007 2007 2943 2877 2817 2454 2361 2237 2100 2094 2081 2059 1472
2451 2453 2490 2537 2624 2624 2687 2608 2591 2364 2079 1933 2134 2124 2125 2010 1829 1904 2121 2185 2156 2156 2445 848 2302 2123 2117 2634 523 1918 1811 1693 1869 2471 1431 2084 2597 2558 2558 1535 2407 2184 1948 1863 2012 1934 1662 1610 1531 1454 1176 1325 1469 719 719 1416 1088 1107 1092 1101 1237 1116 1134 1339 1557 1953 2339 2460 1480 671 671 774 3159 2893 2262 1714 1935 2062 2039 2034 2152 2496
2577 2652 2647 2782 2774 2774 3077 3195 3069 3117 3028 2891 2554 2397 2163 2084 2133 2205 2006 1976 1818 1818 1988 2141 2169 2187 1905 1940 2088 1707 1641 1608 1599 1702 1676 1738 2078 2264 2264 2421 2272 2149 1994 1761 1679 1724 2078 1003 907 1097 1054 1171 1379 1468 1468 1580 1224 1262 1060 1085 1273 1193 1139 1384 1576 1690 2162 2564 2205 774 774 928 3234 2892 2701 2496 2041 2060 2011 2060 2389 1500
2320 2405 2430 3083 3131 3131 2900 3062 2996 2354 2224 2446 2966 2820 2866 2229 2002 1872 1816 1817 1770 1770 1849 2032 1922 1686 1659 1293 1683 1628 1660 1761 1596 1574 1653 2087 2180 2235 2235 2250 2219 2094 2166 1868 1782 1527 1652 1081 1352 1006 1080 1006 1055 1140 1140 1203 1087 1054 1052 1108 1157 1138 1090 1171 1325 1333 1686 2048 2536 3121 3121 3072 2926 2817 2526 2138 2044 2096 2565 2270 2723 1395
2254 2435 3164 3467 2168 2168 2137 2103 2246 2082 2061 1851 1856 1730 1664 2191 2104 2017 1762 1721 1706 1706 1767 2095 1854 1750 1590 1487 1621 1493 1601 1725 1495 1614 1753 1792 1939 2108 2108 1937 2231 2110 1094 488 1867 823 1355 1118 1050 1405 1018 1007 985 1028 1028 1038 1038 1088 1032 1094 1056 1047 1098 1009 1226 1536 1422 1700 1926 2464 2464 2733 2632 3633 3045 2603 2379 2686 2703 2587 2625 3115
2295 2601 3196 2281 2163 2163 2378 2458 2464 2097 1823 1828 1102 1638 1554 1849 2181 1232 1770 1688 1715 1715 2055 1661 1361 1373 1476 1405 1387 1458 1573 1392 1515 1623 1611 1704 1701 2033 2033 2166 777 1944 2035 1110 1072 1348 1252 1023 1066 1372 1187 834 970 1153 1153 1316 1557 985 975 1071 1227 1050 1155 1306 2151 2524 2597 2689 3015 2913 2913 2889 3109 2777 3168 1906 2709 2664 1906 2569 2654 2512
2997 2644 3169 2287 2392 2392 2889 2859 2320 1934 1779 1799 1831 1830 1669 1473 2208 2066 2160 1792 1881 1881 1636 1308 1317 1360 1382 1373 1361 1306 1544 1375 1540 1692 1614 1652 1658 1860 1860 1946 1763 1693 1726 1609 1438 1141 1112 999 965 1194 1096 1091 1040 1015 1015 1024 1207 1349 1351 1535 1614 1180 1269 1539 2028 2118 2373 2685 2704 2693 2693 2771 2819 2947 2937 2954 2936 2789 2717 2399 2505 2298
3075 3278 2544 2456 2665 2665 2405 2299 2195 1801 1596 1545 1583 1591 1607 1292 1242 2423 2152 1446 1235 1235 1309 1335 1291 1300 1311 1271 1371 1390 1447 1760 1786 1727 1738 1877 1807 2028 2028 1823 1474 1365 1376 1261 1058 1115 948 953 1034 -138 1033 989 922 920 920 983 1154 1228 1312 1287 1439 1536 1742 1819 2155 1691 2520 2710 2742 2736 2736 2715 2802 2883 2872 2959 2926 2887 2684 2577 2547 2399
