hypsometry_terrestrial_planets_input/topography/mars.mola.cea.asc
ncols        767
nrows        244
xllcorner    -10669445.554195122793
yllcorner    -3391643.283919043839
cellsize     27818.988868520672
[rows 74 to 110 of 244, columns 0 to 81 of 767]
-3426 -3403 -3417 -3434 -3414 -3478 -3434 -3505 -3505 -3466 -3556 -3539 -3600 -3590 -3583 -3594 -3603 -3610 -3640 -3663 -3670 -3685 -3702 -3721 -3721 -3741 -3765 -3776 -3646 -3788 -3794 -3804 -3823 -3805 -3794 -3834 -3838 -3840 -3840 -3841 -3847 -3847 -3857 -3861 -3876 -3884 -3883 -3880 -3876 -3875 -3875 -3879 -3880 -3880 -3879 -3878 -3876 -3876 -3861 -3852 -3846 -3872 -3883 -3371 -3193 -3254 -3234 -3066 -3091 -2494 -2229 -2284 -1971 -1971 -1569 -1176 -1817 -1822 -1637 -1965 -2056 -2332
-3375 -3384 -3406 -3393 -3406 -3424 -3360 -3462 -3462 -3520 -3546 -3561 -3577 -3580 -3580 -3568 -3592 -3620 -3636 -3654 -3670 -3684 -3700 -3714 -3714 -3711 -3749 -3781 -3740 -3675 -3811 -3817 -3805 -3716 -3761 -3832 -3827 -3842 -3843 -3822 -3827 -3827 -3822 -3850 -3867 -3884 -3883 -3881 -3883 -3875 -3874 -3877 -3873 -3872 -3871 -3871 -3870 -3870 -3873 -3871 -3872 -3879 -3878 -3335 -3262 -3213 -3232 -3004 -2963 -2782 -2341 -2122 -1604 -1604 -2174 -1608 -1928 -1522 -1804 -2321 -1815 -1911
-3325 -3317 -3410 -3372 -3355 -3392 -3435 -3479 -3479 -3517 -3516 -3496 -3313 -3486 -3557 -3532 -3580 -3602 -3623 -3639 -3647 -3614 -3598 -3413 -3413 -3666 -3606 -3681 -3604 -3741 -3777 -3695 -3774 -3630 -3701 -3814 -3834 -3844 -3837 -3801 -3804 -3804 -3817 -3835 -3850 -3858 -3855 -3882 -3866 -3861 -3871 -3878 -3872 -3871 -3870 -3872 -3872 -3872 -3870 -3867 -3867 -3876 -3858 -3446 -3326 -3243 -3187 -2932 -2922 -2981 -2079 -2316 -2143 -2143 -1655 -1696 -1537 -2093 -1793 -1541 -1385 -1587
-3319 -3588 -3384 -3348 -3331 -3408 -3533 -3443 -3443 -3451 -3489 -3003 -4056 -4122 -3540 -3540 -3566 -3600 -3620 -3639 -3643 -3643 -3653 -3556 -3556 -3631 -3652 -3602 -3663 -3652 -3704 -3681 -3699 -3691 -3709 -3776 -3824 -3687 -3801 -3780 -3790 -3790 -3794 -3821 -3836 -3855 -3860 -3876 -3854 -3849 -3858 -3880 -3875 -3869 -3867 -3868 -3870 -3870 -3872 -3865 -3853 -3859 -3863 -3755 -3346 -3236 -3139 -2957 -2926 -2949 -2268 -1880 -1892 -1892 -1620 -1382 -1753 -1093 -1526 -1647 -1409 -1261
-3270 -3377 -3365 -3341 -3376 -3395 -3416 -3423 -3423 -3437 -3396 -3404 -3732 -3355 -3526 -3543 -3540 -3578 -3588 -3643 -3608 -3561 -3641 -3565 -3565 -3607 -3592 -3525 -3606 -3518 -3610 -3642 -3567 -3575 -3598 -3743 -3670 -3905 -3741 -3764 -3776 -3776 -3778 -3801 -3829 -3832 -3854 -3868 -3845 -3840 -3865 -3869 -3864 -3859 -3852 -3859 -3862 -3862 -3859 -3841 -3847 -3850 -3856 -3780 -3369 -3282 -3121 -2927 -2905 -2876 -2448 -1918 -1663 -1663 -1285 -1226 -1129 -1130 -971 -1132 -1220 -1323
-3272 -3376 -3343 -3350 -3362 -3325 -3404 -3406 -3406 -3429 -3421 -3440 -3464 -3489 -3504 -3531 -3472 -3549 -3620 -3613 -3576 -3491 -3599 -3514 -3514 -3440 -3462 -3420 -3565 -3583 -3569 -3606 -3626 -3617 -3620 -3673 -3712 -3695 -3753 -3749 -3755 -3755 -3782 -3793 -3794 -3810 -3835 -3857 -3837 -3830 -3852 -3861 -3857 -3843 -3843 -3844 -3852 -3852 -3844 -3832 -3846 -3846 -3848 -3849 -3299 -3280 -3169 -2889 -2860 -2751 -2689 -2469 -1743 -1743 -1586 -1118 -1197 -1010 -1141 -1124 -1640 -1485
-3296 -3368 -3339 -3274 -3347 -3335 -3379 -3392 -3392 -3397 -3414 -3436 -3436 -3479 -3467 -3515 -3479 -3531 -3577 -3584 -3510 -3485 -3540 -3490 -3490 -3444 -3394 -3445 -3462 -3498 -3504 -3548 -3594 -3607 -3627 -3672 -3697 -3665 -3735 -3732 -3750 -3750 -3764 -3772 -3773 -3799 -3814 -3839 -3838 -3820 -3840 -3850 -3841 -3840 -3830 -3837 -3844 -3844 -3827 -3829 -3834 -3843 -3848 -3851 -3298 -3284 -3200 -2917 -2935 -2740 -2279 -2576 -2693 -2693 -1912 -1146 -820 -1031 -1235 -1157 -1220 -1907
-3335 -3278 -3313 -3249 -3320 -3314 -3366 -3372 -3372 -3380 -3399 -3434 -3435 -3424 -3444 -3482 -3512 -3508 -3486 -3509 -3481 -3530 -3380 -3468 -3468 -3407 -3424 -3447 -3441 -3334 -3507 -3562 -3571 -3973 -3610 -3660 -3719 -3684 -3719 -3711 -3727 -3727 -3740 -3745 -3739 -3782 -3797 -3819 -3815 -3813 -3807 -3835 -3827 -3824 -3829 -3829 -3833 -3833 -3813 -3815 -3824 -3833 -3844 -3854 -3301 -3371 -3225 -2931 -2923 -2835 -2513 -2540 -2366 -2366 -2721 -2221 -1283 -1179 -1266 -1158 -1849 -1868
-3313 -3139 -3648 -3311 -3330 -3536 -3339 -3348 -3348 -3361 -3382 -3420 -3428 -3443 -3273 -3494 -3497 -3466 -3490 -3319 -3409 -3444 -3464 -3464 -3464 -3381 -3471 -3386 -3454 -3455 -3502 -3543 -3525 -3601 -3597 -3600 -3675 -3681 -3778 -3691 -3705 -3705 -3713 -3712 -3739 -3749 -3770 -3792 -3802 -3788 -3786 -3810 -3827 -3822 -3816 -3819 -3801 -3801 -3797 -3801 -3811 -3823 -3839 -3824 -3612 -3324 -3046 -2975 -2851 -2589 -2665 -2585 -2325 -2325 -2376 -2533 -2011 -1126 -1467 -1274 -1659 -1777
-3274 -3110 -4483 -3198 -3317 -3304 -3325 -3335 -3335 -3351 -3368 -3396 -3420 -3441 -3378 -3435 -3495 -3252 -3347 -3170 -2788 -5083 -3243 -3469 -3469 -3243 -3496 -3410 -3464 -3470 -3498 -3529 -3523 -3549 -3537 -3653 -3664 -3671 -3677 -3679 -3685 -3685 -3689 -3688 -3716 -3734 -3750 -3769 -3777 -3776 -3774 -3788 -3813 -3810 -3807 -3810 -3785 -3785 -3781 -3789 -3807 -3820 -3827 -3821 -3761 -3335 -3091 -2737 -2767 -2620 -2666 -2555 -2363 -2363 -2419 -2175 -2184 -2589 -2078 -1907 -1481 -2110
-3253 -3202 -3036 -3345 -3292 -3293 -3324 -3330 -3330 -3331 -3347 -3359 -3395 -3441 -3385 -3412 -3161 -2945 -3147 -2959 -2803 -4782 -3222 -3451 -3451 -3423 -3488 -3446 -3431 -3485 -3474 -3527 -3520 -3527 -3564 -3651 -3653 -3662 -3665 -3670 -3670 -3670 -3681 -3673 -3702 -3723 -3739 -3767 -3774 -3770 -3768 -3769 -3778 -3798 -3795 -3797 -3782 -3782 -3764 -3769 -3783 -3797 -3828 -3790 -3731 -3265 -3032 -2853 -2669 -2648 -2563 -2322 -2415 -2415 -2180 -2224 -2142 -2387 -2476 -2648 -2669 -2496
-3132 -3178 -3185 -3265 -3293 -3296 -3273 -3320 -3320 -3319 -3339 -3364 -3385 -3440 -3443 -3405 -3285 -3155 -3144 -2833 -2995 -2977 -3355 -3414 -3414 -3461 -3475 -3416 -3470 -3495 -3533 -3508 -3525 -3529 -3604 -3645 -3644 -3650 -3656 -3661 -3630 -3630 -3671 -3673 -3708 -3728 -3736 -3749 -3766 -3757 -3756 -3759 -3798 -3786 -3780 -3786 -3768 -3768 -3746 -3749 -3759 -3768 -3800 -3789 -3761 -3296 -3066 -2891 -2760 -2710 -2567 -2544 -2547 -2547 -2466 -2271 -2101 -2166 -2137 -2187 -2447 -2340
-3086 -3117 -3200 -3207 -3295 -3297 -3303 -3310 -3310 -3286 -3249 -3337 -3366 -3430 -3429 -3449 -3453 -3438 -3186 -3063 -3201 -3277 -3455 -3433 -3433 -3469 -3482 -3466 -3475 -3516 -3517 -3519 -3552 -3533 -3613 -3642 -3638 -3638 -3635 -3662 -3665 -3665 -3670 -3684 -3702 -3720 -3733 -3747 -3765 -3747 -3748 -3744 -3748 -3770 -3769 -3771 -3730 -3730 -3732 -3737 -3740 -3747 -3784 -3782 -3730 -3196 -3093 -3013 -2801 -2519 -2666 -2744 -2589 -2589 -2583 -2826 -2243 -2172 -1982 -1913 -2085 -2193
-2756 -2877 -2915 -3057 -3153 -3292 -3292 -3291 -3291 -3300 -3318 -3310 -3359 -3384 -3393 -3440 -3438 -3415 -3303 -3443 -3341 -3438 -3425 -3235 -3235 -3349 -3465 -3444 -3441 -3527 -3509 -3551 -3508 -3542 -3618 -3631 -3630 -3601 -3630 -3651 -3661 -3661 -3670 -3679 -3693 -3708 -3728 -3740 -3781 -3740 -3739 -3734 -3738 -3764 -3757 -3750 -3715 -3715 -3718 -3719 -3724 -3742 -3765 -3774 -3717 -3441 -3048 -2920 -2856 -2536 -2803 -2750 -2417 -2417 -2313 -2198 -2225 -1816 -2095 -2002 -1803 -1812
-2700 -2748 -4104 -4367 -3111 -3280 -3246 -3213 -3213 -3293 -3287 -3301 -3335 -3335 -3331 -3404 -3421 -3393 -3310 -3421 -3371 -3425 -3310 -3170 -3170 -3361 -3364 -3505 -3377 -3549 -3516 -3560 -3540 -3544 -3611 -3604 -3615 -3611 -3625 -3635 -3646 -3646 -3656 -3663 -3678 -3694 -3710 -3720 -3745 -3742 -3731 -3724 -3724 -3752 -3736 -3730 -3696 -3696 -3701 -3714 -3697 -3696 -3730 -3747 -3654 -3568 -3278 -3004 -2819 -2929 -2830 -2597 -2399 -2399 -2254 -2228 -2286 -2193 -1993 -2113 -2007 -1569
-2461 -2831 -3962 -4343 -2869 -3209 -3207 -3273 -3273 -3268 -3264 -3241 -3278 -3310 -3326 -3384 -3389 -3374 -3352 -3420 -3386 -3346 -3306 -3251 -3251 -3331 -3386 -3484 -3425 -3513 -3523 -3592 -3535 -3556 -3606 -3585 -3603 -3611 -3598 -3622 -3632 -3632 -3643 -3645 -3662 -3676 -3689 -3711 -3725 -3747 -3714 -3712 -3701 -3729 -3710 -3671 -3674 -3674 -3680 -3706 -3676 -3653 -3672 -3663 -3597 -3518 -3456 -3238 -3087 -2918 -2846 -2627 -2566 -2566 -2455 -2380 -2338 -2278 -2114 -1069 -1771 -1303
-2361 -2842 -2875 -2950 -3046 -3231 -3264 -3266 -3266 -3206 -2992 -3166 -3172 -3211 -3259 -3368 -3345 -3339 -3353 -3399 -3366 -3368 -3371 -3274 -3274 -3381 -3397 -3450 -3453 -3544 -3501 -3573 -3567 -3547 -3592 -3546 -3581 -3592 -3606 -3603 -3612 -3612 -3618 -3626 -3643 -3645 -3663 -3681 -3685 -3716 -3707 -3685 -3671 -3684 -3683 -3645 -3638 -3638 -3648 -3650 -3640 -3612 -3616 -3598 -3569 -3509 -3463 -3425 -3292 -3158 -2995 -2880 -2736 -2736 -2610 -2342 -2182 -2183 -2019 -1870 -1714 -1926
-2361 -2842 -2875 -2950 -3046 -3231 -3264 -3266 -3266 -3206 -2992 -3166 -3172 -3211 -3259 -3368 -3345 -3339 -3353 -3399 -3366 -3368 -3371 -3274 -3274 -3381 -3397 -3450 -3453 -3544 -3501 -3573 -3567 -3547 -3592 -3546 -3581 -3592 -3606 -3603 -3612 -3612 -3618 -3626 -3643 -3645 -3663 -3681 -3685 -3716 -3707 -3685 -3671 -3684 -3683 -3645 -3638 -3638 -3648 -3650 -3640 -3612 -3616 -3598 -3569 -3509 -3463 -3425 -3292 -3158 -2995 -2880 -2736 -2736 -2610 -2342 -2182 -2183 -2019 -1870 -1714 -1926
-2676 -2784 -2893 -3079 -3223 -3244 -3224 -3254 -3254 -3232 -3198 -3172 -3138 -3249 -3284 -3303 -3311 -3319 -3345 -3450 -3226 -3154 -3354 -3344 -3344 -3372 -3417 -3425 -3436 -3506 -3487 -3529 -3539 -3546 -3557 -3519 -3557 -3559 -3591 -3596 -3632 -3632 -3597 -3611 -3627 -3628 -3638 -4234 -3668 -3669 -3684 -3676 -3647 -3637 -3660 -3651 -3605 -3605 -3597 -3603 -3598 -3570 -3548 -3555 -3529 -3480 -3413 -3384 -3358 -3190 -3185 -3045 -2866 -2866 -2629 -2317 -2027 -2000 -1809 -1847 -1887 -1535
-2705 -2904 -3101 -3134 -3102 -3240 -3241 -3239 -3239 -3213 -3056 -2970 -2893 -3037 -3200 -3275 -3310 -3317 -3362 -3345 -3294 -3285 -2863 -3298 -3298 -3248 -3434 -3395 -3415 -3489 -3482 -3483 -3505 -3505 -3482 -3517 -3530 -3563 -3573 -3573 -3542 -3542 -3533 -4410 -3605 -3604 -3608 -3570 -3644 -3640 -3643 -3641 -3647 -3620 -3610 -3607 -3578 -3578 -3572 -3582 -3568 -3539 -3516 -3515 -3477 -3457 -3428 -3401 -3283 -3298 -3380 -3169 -3052 -3052 -2738 -2474 -2150 -2068 -1780 -1847 -1592 -1643
-2878 -2963 -3141 -3162 -3177 -3233 -3232 -3217 -3217 -3490 -3014 -2687 -2793 -2787 -3011 -2968 -3211 -3337 -3358 -3281 -3363 -3301 -3026 -3337 -3337 -4196 -3408 -3384 -3415 -3441 -3503 -3472 -3485 -3439 -3477 -3507 -3535 -3535 -3498 -3539 -3541 -3541 -3569 -3578 -3580 -3583 -3600 -3621 -3622 -3635 -3633 -3598 -3601 -3604 -3595 -3586 -3583 -3583 -3550 -3544 -3557 -3541 -3529 -3469 -3435 -3418 -3404 -3386 -3321 -3288 -3283 -3262 -3217 -3217 -2997 -2714 -2412 -2221 -1676 -1509 -1658 -1627
-2906 -3076 -3116 -3183 -3151 -3179 -3227 -3206 -3206 -3150 -2815 -2663 -4241 -4871 -2528 -2950 -3129 -3284 -3327 -3351 -3324 -3331 -3195 -3312 -3312 -3282 -3362 -3403 -3414 -3427 -3424 -3445 -3428 -3445 -3478 -3495 -3440 -3525 -3514 -3480 -3541 -3541 -3524 -3486 -3564 -3549 -3586 -3604 -3609 -3613 -3626 -3588 -3582 -3601 -3604 -3593 -3559 -3559 -3562 -3528 -3506 -3532 -3485 -3465 -3439 -3410 -3368 -3318 -3333 -3249 -3231 -3099 -3191 -3191 -3059 -2843 -2636 -2227 -1742 -1539 -1941 -1841
-3062 -3119 -3128 -3182 -3116 -3213 -3220 -3205 -3205 -2942 -2876 -2099 -5161 -4048 -4262 -2711 -3248 -3303 -3265 -3369 -3367 -3362 -3397 -3366 -3366 -3339 -3365 -3404 -3424 -3384 -3449 -3435 -3439 -3453 -3480 -3505 -3504 -3515 -3498 -3509 -3546 -3546 -3503 -3457 -3524 -3537 -3569 -3588 -3597 -3602 -3609 -3572 -3613 -3570 -3569 -3566 -3537 -3537 -3548 -3551 -3478 -3501 -3474 -3445 -3428 -3402 -3388 -3257 -3362 -3356 -3143 -3125 -3128 -3128 -3075 -2965 -2722 -2390 -2268 -2212 -2066 -1916
-3151 -3180 -3187 -3194 -3201 -3210 -3207 -3089 -3089 -2931 -3011 -2828 -3892 -4876 -2538 -3143 -3292 -3305 -3315 -3370 -3387 -3348 -3389 -3366 -3366 -3374 -3356 -3376 -3368 -3374 -3433 -3381 -3433 -3444 -3478 -3494 -3500 -3494 -3471 -3449 -3515 -3515 -3361 -3332 -3460 -3519 -3546 -3556 -3578 -3591 -3559 -3554 -3597 -3541 -3540 -3545 -3516 -3516 -3522 -3528 -3473 -3471 -3470 -3456 -3417 -3387 -3301 -3369 -3021 -3186 -3118 -3156 -3069 -3069 -3022 -2932 -2790 -2490 -2370 -2123 -2067 -1809
-3165 -3169 -3185 -3181 -3195 -3159 -3175 -3167 -3167 -3108 -3051 -3051 -3082 -2997 -3110 -3239 -3197 -3271 -3320 -3372 -3335 -3348 -3322 -3358 -3358 -3352 -3354 -3300 -3342 -3402 -3425 -3306 -3369 -3433 -3465 -3482 -3493 -3470 -3449 -3430 -3388 -3388 -3236 -3185 -3252 -3331 -3519 -3549 -3566 -3570 -3518 -3533 -3570 -3531 -3517 -3524 -3514 -3514 -3490 -3483 -3460 -3444 -3433 -3440 -3416 -3445 -3282 -2962 -3167 -2915 -2986 -3033 -3103 -3103 -2938 -3099 -2829 -2765 -2507 -2377 -2106 -1911
-3164 -3168 -3149 -3161 -3177 -3098 -3182 -3188 -3188 -3079 -2823 -4211 -3069 -3132 -3226 -3175 -3297 -3256 -3351 -3360 -3329 -3323 -3360 -3305 -3305 -3384 -3353 -4391 -3205 -3313 -3404 -3407 -3417 -3424 -3457 -3476 -3474 -3378 -3362 -3273 -3312 -3312 -3159 -3080 -3063 -3217 -3341 -3394 -3447 -3495 -3520 -3487 -3538 -3537 -3527 -3512 -3511 -3511 -3479 -3538 -3447 -3434 -3429 -3427 -3422 -3402 -3226 -3267 -2920 -2959 -2818 -3006 -2979 -2979 -3040 -3003 -2852 -2761 -2472 -2437 -2096 -1819
-3155 -3137 -3146 -3171 -3163 -3119 -3086 -3190 -3190 -3102 -2858 -2918 -3095 -3161 -3183 -3165 -3276 -3249 -3344 -3337 -3340 -3313 -3301 -3278 -3278 -3287 -3323 -3204 -3238 -3322 -3350 -3383 -3281 -3406 -3405 -3450 -3428 -3306 -3232 -3170 -3108 -3108 -3033 -2990 -2951 -2975 -3163 -3306 -3367 -3482 -3454 -3461 -3486 -3523 -3520 -3509 -3518 -3518 -3349 -3346 -3434 -3429 -3410 -3401 -3255 -3222 -3236 -2824 -2885 -2892 -2910 -2883 -3033 -3033 -2953 -3006 -2928 -2992 -2544 -2314 -2144 -1762
-3148 -3128 -3153 -3138 -3144 -3090 -3220 -2944 -2944 -3018 -3107 -3148 -2882 -2882 -3220 -3323 -3306 -3251 -3342 -3313 -3316 -3318 -3290 -3312 -3312 -3308 -3285 -3339 -3255 -3291 -3315 -3351 -3265 -3314 -3351 -3414 -3396 -3241 -3121 -3108 -3048 -3048 -2968 -2874 -2879 -2802 -2957 -3181 -3311 -3450 -3352 -3432 -3453 -3483 -3506 -3510 -3494 -3494 -3319 -3391 -3430 -3414 -3401 -3400 -3272 -3300 -3103 -2987 -2803 -2727 -2833 -2915 -2987 -2987 -2952 -2943 -2993 -2874 -2570 -2371 -2140 -1727
-3149 -3126 -3136 -3118 -3031 -3455 -2990 -2812 -2812 -2993 -3175 -3120 -2932 -3155 -3155 -3219 -3118 -3254 -3333 -3307 -3290 -3302 -3295 -3268 -3268 -3287 -3249 -3186 -3312 -3298 -3314 -3288 -3188 -3268 -3325 -3391 -3315 -3236 -3093 -3069 -3002 -3002 -2931 -2814 -2737 -2704 -2799 -3028 -3291 -3413 -3266 -3397 -3449 -3459 -3491 -3482 -3475 -3475 -3466 -3422 -3453 -3431 -3385 -3357 -3177 -2931 -2886 -2805 -2680 -2726 -2636 -2882 -2992 -2992 -2985 -2896 -2746 -2782 -2493 -2362 -2137 -1812
-3116 -3129 -2988 -3110 -3080 -3033 -3030 -3001 -3001 -3108 -3248 -2626 -2978 -3079 -3127 -3146 -3138 -3241 -3297 -3214 -3237 -3228 -3266 -3217 -3217 -3242 -3173 -3276 -3281 -3274 -3296 -3241 -3202 -3247 -3290 -3321 -3334 -3276 -3154 -2987 -2943 -2943 -2849 -2750 -2659 -2697 -2660 -2820 -3071 -3252 -3333 -3371 -3398 -3434 -3437 -3457 -3458 -3458 -3453 -3453 -3440 -3423 -3401 -3351 -3263 -3182 -2837 -2683 -2545 -2486 -2517 -2907 -3025 -3025 -2959 -2915 -2858 -2703 -2545 -2324 -2342 -1924
-3116 -2935 -2965 -3073 -3067 -2967 -3018 -3002 -3002 -3188 -3150 -3006 -3171 -3183 -3161 -3071 -3241 -3486 -3283 -3482 -3291 -3259 -3274 -3191 -3191 -3285 -3190 -3302 -3292 -3258 -3288 -3294 -3198 -3244 -3254 -3289 -3305 -3312 -3143 -2987 -2919 -2919 -2801 -2674 -2590 -2596 -2396 -2613 -3100 -3263 -3370 -3296 -3393 -3412 -3418 -3427 -3416 -3416 -3450 -3440 -3432 -3416 -3387 -3359 -3438 -3234 -2796 -2608 -2442 -2330 -2399 -2517 -2893 -2893 -2821 -2737 -2848 -2728 -2556 -2310 -2237 -2474
-3080 -2948 -3039 -3115 -3105 -3085 -2992 -2734 -2734 -2993 -3210 -3203 -3258 -3227 -3158 -3084 -3116 -3124 -3284 -3276 -3297 -3273 -3202 -3238 -3238 -3289 -3267 -3301 -3252 -3253 -3281 -3282 -3221 -3248 -3123 -3302 -3281 -3293 -3172 -2985 -2880 -2880 -2793 -2664 -2610 -2566 -2407 -2454 -3056 -3155 -3362 -3289 -3365 -3387 -3377 -3388 -3409 -3409 -3440 -3418 -3429 -3403 -3389 -3384 -3387 -3319 -2822 -2541 -2326 -2185 -2188 -2309 -2590 -2590 -2697 -2744 -2784 -2738 -2476 -2571 -2229 -2119
-3120 -3072 -3122 -3121 -3119 -3127 -3067 -3029 -3029 -3195 -3225 -3181 -3151 -3172 -3250 -3124 -3169 -3056 -3281 -3266 -3310 -3280 -3267 -3269 -3269 -3260 -3273 -3300 -3243 -3242 -3235 -3277 -3232 -3243 -3272 -3242 -3241 -3279 -3169 -2980 -2842 -2842 -2720 -2705 -2579 -2554 -2428 -2484 -2998 -3251 -3334 -3279 -3346 -3356 -3373 -3399 -3402 -3402 -3411 -3387 -3408 -3399 -3396 -3397 -3447 -3331 -2949 -2551 -2280 -2075 -1981 -2033 -2337 -2337 -2746 -2696 -2740 -2728 -2573 -2538 -2152 -2043
-2948 -2843 -3121 -3123 -3127 -3127 -3055 -3143 -3143 -3141 -3194 -3086 -2947 -3074 -3090 -3227 -3065 -3249 -3270 -3264 -3245 -3270 -3299 -3264 -3264 -3359 -3243 -3315 -3257 -3230 -3191 -3273 -3236 -3202 -3134 -3151 -3234 -3233 -3222 -3009 -2782 -2782 -2721 -2685 -2623 -2513 -2461 -2423 -2662 -3181 -3291 -3285 -3327 -3332 -3360 -3376 -3373 -3373 -3383 -3363 -3425 -3367 -3404 -3366 -3373 -3322 -3044 -2508 -2226 -2067 -1863 -1873 -1834 -1834 -2420 -2622 -2649 -2678 -2606 -2553 -2150 -2419
-3133 -3030 -2938 -3127 -3131 -3125 -3144 -2948 -2948 -2891 -3170 -2855 -2929 -2922 -3036 -3095 -3237 -3113 -3251 -3265 -3232 -3266 -3282 -3298 -3298 -3300 -3236 -3215 -3245 -3233 -3199 -3253 -3233 -3210 -3145 -3148 -3192 -3203 -3091 -2985 -2766 -2766 -2684 -2628 -2650 -2502 -2425 -2442 -2504 -2991 -3219 -3240 -3316 -3326 -3334 -3351 -3349 -3349 -3357 -3334 -3390 -3359 -3359 -3319 -3339 -3385 -3138 -2824 -2329 -2061 -1792 -1672 -1746 -1746 -1642 -2581 -2531 -2514 -2409 -2382 -2356 -2285
-2906 -3043 -2844 -2927 -3126 -3116 -3123 -2806 -2806 -2888 -2959 -3171 -3151 -2925 -3197 -3177 -3256 -3266 -3048 -3272 -3267 -3274 -3281 -3308 -3308 -3304 -3219 -3245 -3167 -3227 -3210 -3174 -3235 -3162 -3220 -3177 -3162 -3197 -2991 -2848 -2746 -2746 -2635 -2602 -2553 -2425 -2309 -2302 -2303 -2676 -2925 -3195 -3264 -3194 -3324 -3327 -3335 -3335 -3335 -3319 -3354 -3322 -3332 -3360 -3297 -3219 -3209 -2991 -2457 -2136 -1843 -1534 -1420 -1420 -1398 -2001 -2479 -2333 -2354 -2259 -2254 -2173
-3058 -2944 -2864 -2922 -2741 -3132 -3070 -3125 -3125 -3037 -3000 -3120 -3233 -3248 -3230 -3275 -3301 -3273 -3273 -3279 -3280 -3247 -3277 -3297 -3297 -3261 -3133 -3228 -3251 -3234 -3191 -3142 -3234 -3125 -3193 -3076 -2980 -3160 -2869 -2683 -2714 -2714 -2623 -2521 -2481 -2378 -2254 -2226 -2235 -2317 -2541 -3015 -3267 -3250 -3297 -3312 -3319 -3319 -3320 -3296 -3273 -3305 -3278 -3319 -3182 -3285 -3123 -2941 -2861 -2388 -1864 -1499 -1249 -1249 -1110 -952 -2239 -2192 -2098 -2132 -2090 -2020
