hypsometry_terrestrial_planets_input/topography/mars.mola.cea.asc
ncols        767
nrows        244
xllcorner    -10669445.554195122793
yllcorner    -3391643.283919043839
cellsize     27818.988868520672
[rows 37 to 73 of 244, columns 0 to 81 of 767]
-4087 -4057 -4064 -4071 -4070 -4082 -4083 -4083 -4083 -3995 -4088 -4051 -4017 -4017 -4026 -4028 -4026 -4021 -4038 -4013 -4021 -4025 -4019 -3988 -3988 -3975 -3977 -3972 -3950 -3938 -3959 -3942 -3941 -3940 -3928 -3923 -3942 -3943 -3937 -3942 -3949 -3949 -3953 -3952 -3941 -3954 -3925 -3955 -4001 -3998 -3965 -3966 -3965 -3965 -3951 -3930 -3917 -3917 -3904 -3874 -3887 -3830 -3855 -3850 -3848 -3776 -3806 -3757 -4079 -3706 -3701 -3683 -3581 -3581 -3625 -3593 -3500 -3433 -3396 -3315 -3261 -2919
-4064 -4029 -4011 -4062 -4064 -4065 -4069 -4054 -4054 -4058 -4051 -4055 -4030 -4038 -4030 -4019 -4016 -4032 -4018 -4018 -4006 -4009 -4007 -3986 -3986 -3966 -3987 -3962 -3984 -3943 -3937 -3956 -3933 -3939 -3927 -3922 -3935 -3944 -3939 -3941 -3918 -3918 -3932 -3907 -3941 -3916 -3923 -3962 -3999 -4003 -3985 -3970 -3960 -3968 -3963 -3949 -3910 -3910 -3923 -3917 -3896 -3864 -3862 -3882 -3860 -3800 -3857 -3821 -3767 -3760 -3728 -3697 -3708 -3708 -3640 -3536 -3464 -3456 -3423 -3365 -3156 -3184
-4045 -4035 -4020 -4051 -4060 -4058 -4057 -4052 -4052 -4050 -4058 -4057 -4061 -4037 -4037 -4038 -4005 -4018 -3982 -3994 -4014 -3990 -3982 -3983 -3983 -3985 -3969 -3975 -3959 -3948 -3946 -3965 -3945 -3928 -3876 -3926 -3945 -3948 -3937 -3935 -3955 -3955 -3931 -3911 -3914 -3903 -3910 -3930 -3918 -3924 -3925 -3919 -3889 -3883 -3952 -3947 -3945 -3945 -3953 -3933 -3908 -3892 -3871 -3864 -3812 -3842 -3869 -3814 -3736 -3786 -3766 -3767 -3743 -3743 -3666 -3613 -3554 -3500 -3451 -3385 -3333 -3220
-4041 -4025 -4029 -4050 -4038 -4052 -4016 -4028 -4028 -4040 -4050 -4048 -4044 -4041 -4041 -4021 -4019 -4009 -3985 -4011 -3993 -3984 -3978 -3976 -3976 -3959 -3949 -3969 -3966 -3944 -3947 -3952 -3954 -3960 -3935 -3933 -3927 -3932 -3925 -3928 -3920 -3920 -3916 -3915 -3869 -3906 -3909 -3920 -3913 -3900 -3925 -3904 -3913 -3904 -3876 -3951 -3963 -3963 -3927 -3874 -3911 -3918 -3881 -3884 -3896 -3859 -3848 -3867 -3851 -3825 -3793 -3762 -3705 -3705 -3655 -3610 -3581 -3523 -3552 -3498 -3467 -3376
-4040 -4034 -4031 -4036 -4036 -4031 -4047 -4034 -4034 -4046 -4044 -4051 -4048 -4038 -4033 -4015 -4015 -4010 -4019 -4009 -4010 -3812 -3972 -3917 -3917 -3992 -3948 -3977 -3937 -3950 -3947 -3949 -3961 -3954 -3930 -3930 -3932 -3932 -3917 -3925 -3934 -3934 -3935 -3882 -3909 -3926 -3924 -4134 -3936 -3916 -3935 -3902 -3908 -3887 -3887 -3883 -3914 -3914 -3877 -3898 -3887 -3856 -3859 -3875 -3890 -3847 -3874 -3862 -3873 -3827 -3760 -3770 -3716 -3716 -3706 -3636 -3596 -3603 -3585 -3559 -3495 -3418
-4040 -4042 -4037 -4036 -4044 -4043 -4041 -4008 -4008 -4041 -4052 -4052 -4058 -4040 -4038 -4025 -4008 -4003 -4021 -3934 -3929 -3979 -3998 -3977 -3977 -3961 -3969 -3967 -3939 -3964 -3975 -3972 -3972 -3951 -3946 -3935 -3937 -3944 -3941 -3925 -3915 -3915 -3923 -3894 -3915 -3927 -3915 -3916 -3934 -3919 -3900 -3912 -3904 -3851 -3878 -3888 -3901 -3901 -3897 -3877 -3865 -3839 -3818 -3842 -3848 -3866 -3881 -3867 -3887 -3828 -3824 -3731 -3675 -3675 -3618 -3639 -3658 -3635 -3623 -3585 -3501 -3463
-4038 -4040 -4042 -4028 -4022 -4025 -4041 -4020 -4020 -4028 -4020 -4049 -4043 -4047 -4048 -3968 -4018 -4009 -4011 -3948 -3779 -3974 -3988 -4017 -4017 -3968 -3960 -3923 -3941 -3991 -3990 -3945 -3982 -3974 -3966 -3964 -3949 -3946 -3938 -3917 -3947 -3947 -3930 -3928 -3939 -3937 -3921 -3937 -3895 -3901 -3917 -3918 -3880 -3856 -3882 -3892 -3891 -3891 -3897 -3873 -3870 -3856 -3837 -3831 -3841 -3860 -3873 -3881 -3880 -3834 -3864 -3803 -3785 -3785 -3640 -3683 -3702 -3680 -3660 -3622 -3556 -3505
-4053 -4061 -4046 -4040 -4028 -4026 -4016 -4015 -4015 -4014 -4023 -4033 -4026 -4016 -4021 -4021 -3989 -3774 -3944 -3837 -3964 -3979 -3975 -3970 -3970 -3975 -3979 -3973 -3972 -3965 -3953 -3946 -3724 -3898 -3957 -3961 -3950 -3940 -3939 -3949 -3925 -3925 -3947 -3933 -3917 -3924 -3931 -3892 -3928 -3933 -3926 -3910 -3869 -3883 -3898 -3883 -3878 -3878 -3886 -3889 -3869 -3847 -3851 -3851 -3818 -3835 -3827 -3816 -3836 -3828 -3818 -3842 -3865 -3865 -3870 -3856 -3823 -3782 -3755 -3718 -3668 -3611
-4062 -4058 -4037 -4031 -4028 -4022 -4004 -3975 -3975 -4023 -4021 -4026 -4012 -4009 -4014 -3948 -3453 -3530 -3582 -3584 -3990 -3994 -3965 -3955 -3955 -3972 -3963 -3976 -3985 -3984 -3981 -3974 -3899 -3974 -3934 -3950 -3959 -3924 -3950 -3940 -3948 -3948 -3949 -3921 -3908 -3954 -3935 -3908 -3928 -3940 -3943 -3898 -3919 -3931 -3926 -3914 -3901 -3901 -3883 -3874 -3863 -3870 -3860 -3872 -3866 -3838 -3845 -3842 -3874 -3863 -3843 -3838 -3866 -3866 -3873 -3876 -3873 -3846 -3820 -3789 -3732 -3658
-4067 -4054 -4031 -4029 -4020 -3996 -3987 -3955 -3955 -4008 -4014 -4015 -4006 -4006 -3996 -3685 -3595 -3528 -3583 -3919 -3973 -3999 -3984 -3944 -3944 -3966 -3972 -3991 -3984 -3978 -3971 -3961 -3971 -3955 -3963 -3942 -3929 -3893 -3916 -3937 -3943 -3943 -3933 -3934 -3944 -3939 -3955 -3922 -3944 -3953 -3943 -3917 -3939 -3934 -3925 -3919 -3920 -3920 -3904 -3866 -3879 -3871 -3865 -3870 -3865 -3820 -3860 -3866 -3891 -3851 -3834 -3731 -3858 -3858 -3865 -3850 -3845 -3861 -3883 -3824 -3770 -3707
-4077 -4067 -4023 -4027 -3997 -3994 -3982 -3960 -3960 -3992 -3999 -3999 -4007 -3998 -3519 -3329 -3406 -3328 -3474 -4016 -3997 -3997 -3983 -3941 -3941 -3975 -3980 -3984 -3984 -3974 -3962 -3966 -3956 -3959 -3950 -3930 -3923 -3914 -3928 -3933 -3934 -3934 -3941 -3940 -3947 -3943 -3925 -3946 -3954 -3958 -3937 -3958 -3964 -3946 -3939 -3933 -3922 -3922 -3930 -3893 -3890 -3875 -3880 -3885 -3878 -3847 -3890 -3899 -3872 -3858 -3827 -3819 -3802 -3802 -3794 -3811 -3850 -3845 -3831 -3820 -3819 -3307
-4042 -4115 -4011 -3997 -3993 -3994 -3980 -3955 -3955 -3991 -3995 -3998 -4002 -3895 -3974 -3839 -3825 -3863 -3918 -3998 -3999 -3985 -3969 -3925 -3925 -3966 -3968 -3972 -3975 -3968 -3965 -3960 -3955 -3940 -3941 -3930 -3928 -3933 -3916 -3935 -3939 -3939 -3946 -3948 -3934 -3951 -3943 -3964 -3961 -3958 -3953 -3952 -3958 -3947 -3943 -3935 -3925 -3925 -3913 -3899 -3894 -3903 -3894 -3890 -3883 -3896 -3894 -3909 -3907 -3874 -3843 -3837 -3819 -3819 -3807 -3796 -3819 -3867 -3851 -3849 -3768 -2959
-4017 -4024 -4019 -3992 -3979 -3991 -3978 -3963 -3963 -3982 -3984 -3984 -3770 -3671 -3933 -3917 -3936 -3952 -4010 -3995 -3969 -3943 -3945 -3948 -3948 -3949 -3954 -3958 -3952 -3950 -3948 -3946 -3947 -3936 -3926 -3921 -3924 -3924 -3911 -3939 -3951 -3951 -3951 -3948 -3937 -3961 -3958 -3942 -3954 -3941 -3911 -3944 -3940 -3949 -3950 -3951 -3943 -3943 -3949 -3941 -3938 -3934 -3928 -3921 -3897 -3872 -3936 -3914 -3907 -3896 -3886 -3893 -3853 -3853 -3867 -3869 -3844 -3844 -3871 -3889 -3142 -2789
-4009 -4012 -4003 -3973 -3974 -4019 -3986 -3981 -3981 -3972 -3982 -3983 -3971 -3604 -3744 -3912 -3960 -3841 -3991 -3990 -3952 -3949 -3948 -3933 -3933 -3943 -3950 -3949 -3951 -3946 -3943 -3940 -3943 -3937 -3933 -3921 -3922 -3916 -3890 -3935 -3945 -3945 -3949 -3941 -3943 -3963 -3922 -3939 -3953 -3929 -3933 -3939 -3943 -3946 -3942 -3943 -3937 -3937 -3922 -3921 -3908 -3940 -3919 -3914 -3938 -3960 -3973 -3956 -3964 -3937 -3921 -3911 -3893 -3893 -3896 -3911 -3867 -3864 -3888 -3885 -2782 -1908
-4027 -4027 -4059 -3893 -3847 -4056 -3839 -3662 -3662 -3966 -3964 -3982 -3915 -3951 -3901 -3961 -3938 -3959 -3946 -3964 -3949 -3938 -3934 -3928 -3928 -3947 -3945 -3943 -3942 -3942 -3938 -3939 -3933 -3939 -3939 -3935 -3920 -3908 -3935 -3942 -3943 -3943 -3946 -3947 -3957 -3959 -3951 -3946 -3946 -3956 -3951 -3950 -3948 -3944 -3941 -3941 -3928 -3928 -3877 -3879 -3948 -3926 -3935 -3916 -3944 -3930 -3957 -3963 -3958 -3965 -3965 -3936 -3931 -3931 -3910 -3930 -3909 -3879 -3898 -3166 -2047 -1521
-4027 -4032 -4004 -4027 -3994 -3965 -3893 -3717 -3717 -3969 -3956 -3968 -3976 -3960 -3927 -3953 -3945 -3948 -3945 -3941 -3936 -3929 -3925 -3938 -3938 -3940 -3936 -3941 -3939 -3933 -3937 -3938 -3943 -3946 -3946 -3937 -3909 -3900 -3939 -3940 -3943 -3943 -3949 -3949 -3949 -3952 -3953 -3954 -3945 -3957 -3950 -3953 -3949 -3950 -3947 -3944 -3893 -3893 -3910 -3985 -4021 -4021 -3985 -3933 -3919 -3913 -3928 -3906 -3987 -3976 -3965 -3948 -3948 -3948 -3912 -3916 -3907 -3901 -3906 -2341 -1168 -578
-4016 -4005 -3980 -4013 -3945 -3858 -3938 -3907 -3907 -3931 -3955 -3972 -3969 -3966 -3929 -3947 -3948 -3944 -3945 -3939 -3928 -3925 -3924 -3932 -3932 -3930 -3931 -3936 -3910 -3932 -3940 -3945 -3947 -3948 -3947 -3933 -3887 -3940 -3936 -3942 -3942 -3942 -3944 -3945 -3946 -3947 -3954 -3956 -3953 -3959 -3952 -3920 -3939 -3948 -3947 -3944 -3925 -3925 -3912 -3996 -4016 -4014 -4011 -4007 -3996 -3928 -3924 -3934 -3935 -3925 -3905 -3889 -3935 -3935 -3918 -3907 -3909 -3888 -3867 -2321 -821 -657
-3988 -3937 -3993 -3988 -3809 -3876 -3573 -3402 -3402 -3514 -3855 -3889 -3964 -3957 -3943 -3948 -3945 -3939 -3941 -3936 -3930 -3923 -3920 -3923 -3923 -3926 -3928 -3931 -3904 -3931 -3942 -3945 -3950 -3952 -3947 -3922 -3895 -3945 -3942 -3942 -3939 -3939 -3927 -3929 -3938 -3944 -3947 -3954 -3953 -3956 -3947 -3943 -3942 -3946 -3945 -3942 -3902 -3902 -3962 -3969 -4010 -4006 -4005 -4001 -3987 -3977 -3972 -3948 -3956 -3900 -3916 -3895 -3899 -3899 -3916 -3913 -3908 -3712 -3584 -3163 -1689 -1651
-3962 -3961 -3960 -3927 -3827 -3773 -3359 -3208 -3208 -3528 -3863 -3936 -3954 -3947 -3929 -3947 -3945 -3941 -3939 -3934 -3931 -3924 -3919 -3917 -3917 -3919 -3922 -3928 -3907 -3935 -3941 -3948 -3951 -3951 -3945 -3923 -3916 -3950 -3943 -3940 -3935 -3935 -3923 -3916 -3925 -3935 -3940 -3945 -3945 -3946 -3941 -3943 -3942 -3942 -3941 -3934 -3913 -3913 -3956 -3979 -3987 -3971 -3990 -3988 -3982 -3951 -3962 -3952 -3947 -3943 -3897 -3889 -3896 -3896 -3888 -3644 -3291 -3130 -2934 -3018 -3037 -2311
-3895 -3939 -3954 -3887 -3760 -3354 -3801 -3202 -3202 -3428 -3576 -3910 -3924 -3925 -3930 -3942 -3864 -3935 -3923 -3919 -3913 -3913 -3909 -3906 -3906 -3910 -3918 -3921 -3927 -3936 -3941 -3945 -3951 -3953 -3950 -3933 -3952 -3945 -3940 -3937 -3931 -3931 -3927 -3928 -3925 -3929 -3934 -3930 -3941 -3944 -3946 -3938 -3935 -3932 -3922 -3900 -3895 -3895 -3878 -3897 -3885 -3901 -3876 -3885 -3873 -3881 -3886 -3886 -3890 -3873 -3892 -3584 -3207 -3207 -3104 -3030 -2894 -2912 -2749 -2804 -2650 -2745
-3882 -3918 -3882 -3830 -3908 -3839 -3823 -3416 -3416 -3486 -3905 -3902 -3896 -3920 -3910 -3921 -3924 -3918 -3910 -3908 -3904 -3908 -3900 -3900 -3900 -3908 -3910 -3919 -3925 -3928 -3930 -3939 -3953 -3954 -3953 -3949 -3947 -3943 -3936 -3931 -3934 -3934 -3930 -3924 -3919 -3914 -3916 -3920 -3926 -3937 -3927 -3922 -3920 -3914 -3909 -3909 -3911 -3911 -3906 -3891 -3896 -3895 -3886 -3877 -3881 -3896 -3881 -3886 -3887 -3891 -3671 -3384 -3008 -3008 -3049 -3129 -3022 -3038 -2937 -2761 -2869 -2786
-3853 -3885 -3886 -3895 -3713 -3858 -3742 -3679 -3679 -3884 -3898 -3888 -3889 -3897 -3885 -3912 -3898 -3907 -3908 -3899 -3896 -3898 -3895 -3897 -3897 -3898 -3907 -3911 -3912 -3923 -3931 -3940 -3950 -3954 -3955 -3954 -3945 -3934 -3924 -3921 -3923 -3923 -3932 -3913 -3909 -3905 -3913 -3916 -3918 -3916 -3914 -3922 -3920 -3910 -3905 -3900 -3900 -3900 -3906 -3896 -3888 -3886 -3886 -3884 -3886 -3890 -3893 -3892 -3920 -3883 -3408 -3297 -3205 -3205 -3079 -3117 -2803 -2241 -2682 -2944 -2896 -2858
-3873 -3855 -3846 -3870 -3838 -3857 -3817 -3856 -3856 -3761 -3892 -3888 -3887 -3885 -3883 -3878 -3882 -3896 -3893 -3889 -3888 -3891 -3891 -3888 -3888 -3898 -3878 -3900 -3913 -3923 -3928 -3936 -3940 -3949 -3953 -3951 -3937 -3916 -3912 -3918 -3910 -3910 -3904 -3900 -3899 -3901 -3906 -3912 -3918 -3916 -3912 -3920 -3919 -3911 -3904 -3901 -3896 -3896 -3895 -3899 -3890 -3884 -3882 -3884 -3887 -3888 -3889 -3888 -3890 -3508 -3359 -3292 -3148 -3148 -2996 -2513 -2608 -2373 -2248 -2484 -2611 -2256
-3802 -3795 -3796 -3815 -3812 -3822 -3812 -3541 -3541 -3822 -3778 -3890 -3885 -3881 -3879 -3875 -3873 -3883 -3887 -3885 -3880 -3879 -3885 -3885 -3885 -3882 -3854 -3907 -3906 -3917 -3923 -3932 -3938 -3941 -3930 -3939 -3929 -3909 -3905 -3908 -3907 -3907 -3897 -3897 -3896 -3899 -3903 -3894 -3916 -3912 -3916 -3915 -3911 -3904 -3899 -3897 -3894 -3894 -3888 -3884 -3884 -3879 -3878 -3880 -3882 -3885 -3885 -3882 -3724 -3465 -3263 -3333 -3208 -3208 -2499 -2464 -2253 -2142 -2153 -1829 -1898 -2264
-3769 -3748 -3757 -3813 -3755 -3788 -3373 -3781 -3781 -3714 -3852 -3732 -3883 -3837 -3870 -3869 -3867 -3867 -3890 -3883 -3877 -3874 -3876 -3880 -3880 -3871 -3880 -3900 -3898 -3912 -3917 -3925 -3923 -3920 -3916 -3923 -3919 -3900 -3897 -3898 -3895 -3895 -3891 -3896 -3895 -3900 -3904 -3906 -3912 -3912 -3904 -3902 -3900 -3893 -3888 -3890 -3888 -3888 -3885 -3885 -3882 -3877 -3869 -3876 -3878 -3884 -3883 -3881 -3446 -3380 -3338 -3216 -2730 -2730 -2746 -2302 -2113 -2230 -2103 -1613 -1357 -1503
-3741 -3674 -3743 -3800 -3751 -3819 -3392 -3389 -3389 -3593 -3826 -3837 -3879 -3886 -3861 -3863 -3861 -3869 -3880 -3880 -3872 -3869 -3874 -3859 -3859 -3860 -3876 -3885 -3893 -3907 -3912 -3916 -3912 -3909 -3905 -3911 -3910 -3898 -3892 -3893 -3888 -3888 -3884 -3886 -3896 -3899 -3903 -3907 -3903 -3902 -3899 -3890 -3889 -3887 -3883 -3882 -3882 -3882 -3887 -3884 -3880 -3876 -3874 -3875 -3878 -3883 -3884 -3624 -3348 -3320 -3290 -2396 -2566 -2566 -2571 -1968 -1762 -1551 -1611 -1466 -1745 -2034
-3711 -3685 -3622 -3769 -3780 -3715 -3811 -3649 -3649 -3733 -3740 -3819 -3795 -3821 -3772 -3855 -3854 -3802 -3834 -3870 -3864 -3838 -3866 -3853 -3853 -3855 -3869 -3893 -3898 -3901 -3903 -3905 -3885 -3905 -3899 -3904 -3904 -3897 -3887 -3886 -3884 -3884 -3881 -3883 -3891 -3896 -3898 -3896 -3896 -3894 -3886 -3887 -3882 -3879 -3876 -3875 -3697 -3697 -3596 -3880 -3877 -3870 -3871 -3871 -3874 -3879 -3880 -3476 -3222 -3311 -2879 -2415 -2320 -2320 -2259 -1803 -1507 -1771 -1770 -2026 -1381 -2216
-3666 -3545 -3537 -3732 -3730 -3717 -3579 -3580 -3580 -3725 -3730 -3784 -3758 -3766 -3831 -3844 -3848 -3858 -3869 -3863 -3828 -3826 -3857 -3820 -3820 -3852 -3868 -3889 -3876 -3892 -3892 -3892 -3885 -3902 -3899 -3899 -3898 -3893 -3884 -3881 -3876 -3876 -3877 -3879 -3889 -3892 -3897 -3894 -3891 -3886 -3882 -3882 -3876 -3872 -3871 -3868 -3867 -3867 -3875 -3869 -3869 -3871 -3865 -3871 -3877 -3881 -3528 -3336 -3392 -3302 -2645 -2378 -2257 -2257 -2381 -2306 -2086 -1899 -2052 -1661 -1844 -1767
-3649 -3594 -3636 -3702 -3676 -3686 -3687 -3648 -3648 -3725 -3651 -3742 -3768 -3792 -3767 -3420 -3819 -3832 -3859 -3830 -3815 -3819 -3839 -3849 -3849 -3861 -3861 -3874 -3865 -3883 -3885 -3887 -3884 -3893 -3895 -3887 -3886 -3885 -3875 -3877 -3876 -3876 -3876 -3882 -3886 -3888 -3889 -3889 -3886 -3881 -3876 -3877 -3872 -3866 -3865 -3863 -3861 -3861 -3860 -3859 -3860 -3857 -3866 -3868 -3878 -3715 -3330 -3255 -3379 -2928 -2708 -2539 -2103 -2103 -2026 -2083 -2211 -2134 -2089 -1786 -1733 -1380
-3588 -3610 -3644 -3688 -3637 -3707 -3624 -3670 -3670 -3687 -3669 -3702 -3561 -3725 -3760 -3794 -3817 -3800 -3827 -3792 -3801 -3813 -3890 -3799 -3799 -3825 -3853 -3861 -3860 -3875 -3885 -3887 -3879 -3895 -3886 -3879 -3874 -3872 -3873 -3876 -3874 -3874 -3873 -3878 -3879 -3880 -3882 -3882 -3878 -3875 -3871 -3871 -3865 -3862 -3859 -3856 -3857 -3857 -3856 -3855 -3854 -3858 -3863 -3868 -3873 -3448 -3446 -3122 -3219 -2770 -2418 -2596 -2085 -2085 -2197 -1568 -1614 -2164 -1665 -1951 -1709 -1798
-3511 -3588 -3592 -3650 -3557 -3671 -3536 -3528 -3528 -3666 -3629 -3677 -3552 -3621 -3742 -3801 -3796 -3794 -3789 -3774 -3793 -3808 -3891 -3793 -3793 -3821 -3825 -3858 -3865 -3876 -3877 -3877 -3874 -3882 -3878 -3872 -3856 -3856 -3865 -3872 -3872 -3872 -3872 -3875 -3875 -3874 -3874 -3872 -3873 -3873 -3869 -3866 -3864 -3860 -3857 -3855 -3856 -3856 -3855 -3856 -3858 -3856 -3863 -3868 -3835 -3510 -3346 -3351 -2622 -2426 -2192 -1752 -1430 -1430 -1916 -2037 -1849 -2249 -2124 -2009 -1935 -1948
-3517 -3552 -3504 -3598 -3527 -3574 -3563 -3624 -3624 -3584 -3599 -3655 -3667 -3575 -3714 -3430 -3789 -3785 -3781 -3755 -3784 -3782 -3782 -3792 -3792 -3809 -3814 -3825 -3855 -3865 -4087 -3856 -3863 -3862 -3862 -3852 -3848 -3850 -3861 -3863 -3865 -3865 -3869 -3873 -3871 -3874 -3872 -3870 -3871 -3871 -3867 -3865 -3862 -3860 -3859 -3858 -3855 -3855 -3856 -3856 -3858 -3854 -3866 -3866 -3724 -3431 -3357 -3380 -2546 -2425 -2221 -1884 -1673 -1673 -1931 -2021 -2334 -1822 -2150 -2149 -2069 -1963
-3466 -3511 -3469 -3564 -3580 -3583 -3561 -3621 -3621 -3503 -3561 -3618 -3643 -3269 -3571 -3634 -3782 -3777 -3776 -3766 -3757 -3772 -3770 -3786 -3786 -3792 -3816 -3841 -3837 -3846 -3841 -3842 -3829 -3846 -3849 -3837 -3842 -3836 -3848 -3862 -3870 -3870 -3875 -3877 -3876 -3875 -3878 -3875 -3873 -3871 -3869 -3868 -3865 -3862 -3863 -3861 -3858 -3858 -3862 -3860 -3861 -3865 -3870 -3864 -3512 -3424 -3314 -3195 -2778 -2374 -2141 -1704 -1474 -1474 -1867 -2363 -2080 -1993 -2004 -2029 -2008 -1909
-3501 -3493 -3508 -3521 -3527 -3569 -3263 -3564 -3564 -3382 -3262 -3567 -3656 -3659 -3661 -3648 -3703 -3764 -3763 -3758 -3733 -3729 -3734 -3781 -3781 -3792 -3799 -3805 -3808 -3812 -3809 -3813 -3813 -3812 -3819 -3824 -3829 -3832 -3842 -3877 -3872 -3872 -3879 -3883 -3885 -3886 -3884 -3883 -3880 -3882 -3883 -3881 -3878 -3876 -3874 -3876 -3877 -3877 -3874 -3873 -3874 -3874 -3873 -3386 -3312 -3261 -3237 -3056 -2821 -2484 -2080 -1885 -2241 -2241 -1688 -1639 -2070 -1888 -1814 -1736 -1532 -1621
-3495 -3420 -3507 -3525 -3694 -5099 -2996 -3210 -3210 -3385 -3507 -3574 -3662 -3666 -3641 -3631 -3407 -3688 -3493 -3654 -3709 -3715 -3730 -3743 -3743 -3766 -3776 -3774 -3804 -3807 -3809 -3812 -3813 -3816 -3814 -3828 -3831 -3835 -3834 -3850 -3866 -3866 -3876 -3880 -3883 -3888 -3882 -3884 -3888 -3887 -3914 -3889 -3886 -3881 -3878 -3878 -3876 -3876 -3867 -3841 -3870 -3872 -3847 -3389 -3189 -3280 -3249 -3179 -2947 -2407 -2447 -1671 -1531 -1531 -1454 -1614 -1918 -1862 -1784 -1725 -1576 -1541
-3476 -3433 -3504 -3514 -3264 -3235 -3428 -3572 -3572 -3335 -3380 -3585 -3560 -3610 -3618 -3617 -3560 -3563 -3642 -3651 -3699 -3702 -3713 -3727 -3727 -3746 -3762 -3795 -3805 -3807 -3809 -3820 -3820 -3820 -3823 -3829 -3833 -3836 -3833 -3802 -3863 -3863 -3873 -3882 -3884 -3881 -3885 -3884 -3886 -3886 -3886 -3885 -3883 -3881 -3878 -3876 -3874 -3874 -3829 -3826 -3867 -3867 -3768 -3269 -3308 -3237 -3793 -3206 -3159 -2583 -2452 -2161 -1424 -1424 -1437 -1532 -1941 -1658 -1783 -1717 -1776 -1933
-3447 -3461 -3493 -3501 -3404 -3517 -3494 -3460 -3460 -3279 -3409 -3554 -3474 -3493 -3602 -3609 -3616 -3630 -3642 -3651 -3672 -3696 -3707 -3731 -3731 -3741 -3768 -3773 -3780 -3771 -3793 -3802 -3820 -3802 -3820 -3831 -3837 -3838 -3817 -3756 -3862 -3862 -3873 -3876 -3880 -3881 -3882 -3877 -3880 -3882 -3881 -3880 -3883 -3880 -3878 -3877 -3878 -3878 -3792 -4837 -3845 -3863 -3841 -3372 -3231 -3214 -3195 -3232 -3221 -2746 -2361 -1735 -1505 -1505 -1627 -1459 -1783 -1738 -1627 -1968 -1932 -2053
