hypsometry_terrestrial_planets_input/topography/mars.mola.cea.asc
ncols        767
nrows        244
xllcorner    -10669445.554195122793
yllcorner    -3391643.283919043839
cellsize     27818.988868520672
[rows 0 to 36 of 244, columns 82 to 163 of 767]
-3412 -3418 -3429 -3441 -3438 -3433 -3422 -3404 -3404 -3392 -3393 -3414 -3436 -3472 -3510 -3540 -3585 -3641 -3690 -3730 -3781 -3818 -3849 -3881 -3881 -3901 -3925 -3944 -3970 -3976 -3974 -4008 -4043 -4051 -4017 -4004 -4009 -4048 -4085 -4099 -4099 -4104 -4087 -4070 -4057 -4059 -4093 -4162 -4234 -4283 -4072 -3719 -3375 -3248 -3229 -3302 -3394 -3394 -3498 -3608 -3719 -3787 -3771 -3756 -3759 -3608 -3407 -3333 -3300 -3276 -3218 -3182 -3167 -3167 -3154 -3150 -3145 -3149 -3151 -3153 -3146 -3141
-4523 -4526 -4527 -4529 -4533 -4535 -4543 -4544 -4544 -4544 -4549 -4550 -4555 -4561 -4564 -4569 -4572 -4577 -4582 -4590 -4596 -4602 -4608 -4616 -4616 -4626 -4634 -4644 -4653 -4665 -4679 -4698 -4714 -4729 -4748 -4759 -4775 -4794 -4784 -4753 -4753 -4699 -4696 -4695 -4703 -4744 -4754 -4747 -4748 -4751 -4750 -4745 -4732 -4697 -4699 -4721 -4779 -4779 -4881 -4944 -4948 -4871 -4578 -4502 -4469 -4448 -4438 -4433 -4430 -4439 -4430 -4411 -4365 -4365 -4392 -4403 -4388 -4631 -4658 -4315 -4280 -4280
-4654 -4566 -4566 -4687 -4688 -4816 -4895 -4853 -4853 -4804 -4791 -4745 -4796 -4781 -4876 -4919 -4899 -4903 -4923 -4991 -4950 -4945 -4943 -4926 -4926 -4945 -4953 -5001 -4821 -4797 -4782 -4920 -4963 -5015 -5039 -5002 -4949 -4798 -4848 -4844 -4844 -4831 -4821 -4776 -4756 -4854 -5117 -4621 -4798 -4794 -4836 -4840 -4808 -4866 -4861 -4846 -4751 -4751 -4827 -4880 -4893 -4898 -4885 -4877 -4874 -4863 -4857 -4823 -4836 -4864 -4803 -4818 -4858 -4858 -4870 -4862 -4857 -4839 -4819 -4830 -4848 -4866
-4763 -4811 -4841 -4881 -4820 -4780 -4816 -4810 -4810 -4853 -4748 -4725 -4779 -4791 -4809 -4877 -5006 -5118 -5215 -5177 -5092 -5017 -5053 -5014 -5014 -5017 -4953 -5033 -5035 -4991 -4722 -4721 -4750 -4758 -4775 -4757 -4791 -4780 -4775 -4767 -4767 -4743 -4708 -4714 -4757 -4765 -4791 -4755 -4714 -4693 -4726 -4683 -4679 -4686 -4709 -4788 -4857 -4857 -5006 -4722 -4796 -4650 -4715 -4836 -4798 -4632 -4831 -4748 -4743 -4741 -4725 -4748 -4705 -4705 -4694 -4753 -4758 -4737 -4757 -4707 -4701 -4708
-4698 -4690 -4657 -4656 -4643 -4715 -4683 -4668 -4668 -4685 -4668 -4689 -4640 -4732 -4716 -4696 -4780 -4744 -4793 -4851 -4765 -4849 -4787 -4669 -4669 -4569 -4572 -4564 -4564 -4556 -4532 -4606 -4583 -4545 -4659 -4709 -4549 -4630 -4689 -4678 -4678 -4553 -4641 -4649 -4652 -4648 -4663 -4669 -4634 -4573 -4605 -4607 -4606 -4543 -4511 -4576 -4532 -4532 -4570 -4627 -4760 -4777 -4743 -4670 -4647 -4601 -4639 -4621 -4601 -4599 -4586 -4584 -4567 -4567 -4550 -4574 -4572 -4590 -4583 -4558 -4552 -4551
-4646 -4647 -4637 -4619 -4616 -4623 -4595 -4535 -4535 -4549 -4534 -4496 -4512 -4497 -4570 -4560 -4482 -4538 -4605 -4568 -4503 -4509 -4569 -4679 -4679 -4609 -4633 -4616 -4502 -4477 -4471 -4453 -4362 -4483 -4681 -4700 -4712 -4565 -4598 -4555 -4555 -4501 -4494 -4502 -4445 -4567 -4537 -4566 -4511 -4484 -4456 -4446 -4454 -4482 -4492 -4509 -4452 -4452 -4373 -4361 -4386 -4347 -4382 -4375 -4370 -4362 -4399 -4390 -4410 -4410 -4401 -4372 -4373 -4373 -4365 -4357 -4357 -4370 -4397 -4388 -4414 -4403
-4508 -4462 -4484 -4438 -4430 -4431 -4429 -4433 -4433 -4452 -4477 -4480 -4437 -4440 -4452 -4439 -4403 -4389 -4416 -4419 -4438 -4419 -4401 -4367 -4367 -4380 -4393 -4397 -4371 -4401 -4316 -4342 -4330 -4125 -4252 -4305 -4306 -4296 -4353 -4344 -4344 -4251 -4238 -4254 -4240 -4247 -4254 -4262 -4265 -4323 -4323 -4278 -4288 -4296 -4329 -4315 -4291 -4291 -4271 -4256 -4223 -4160 -4219 -4258 -4262 -4299 -4231 -4245 -4301 -4319 -4301 -4261 -4238 -4238 -4216 -4215 -4182 -4187 -4223 -4246 -4228 -4251
-4410 -4320 -4253 -4274 -4353 -4353 -4399 -4398 -4398 -4324 -4361 -4357 -4352 -4342 -4441 -4459 -4298 -4310 -4347 -4309 -4309 -4302 -4299 -4306 -4306 -4269 -4271 -4307 -4295 -4226 -4174 -4159 -4173 -4157 -4221 -4141 -3897 -3922 -4143 -4188 -4188 -4195 -4175 -4103 -3980 -4076 -4136 -4133 -4138 -4148 -4134 -4142 -4156 -4138 -4138 -4099 -4083 -4083 -4163 -4132 -4134 -4028 -4050 -4067 -4043 -3936 -4002 -3988 -3947 -3955 -3958 -3951 -3954 -3954 -3965 -3908 -3950 -3958 -3976 -3992 -3994 -3985
-4227 -4282 -4290 -4281 -4254 -4236 -4212 -4206 -4206 -4229 -4137 -4238 -4181 -4152 -4187 -4188 -4093 -4159 -4138 -4145 -4120 -4120 -4144 -4145 -4145 -4128 -4125 -4138 -4125 -4124 -4119 -4120 -4109 -4131 -4049 -3840 -3911 -3967 -3908 -3946 -3946 -3903 -3919 -3928 -3941 -3961 -3932 -3903 -3893 -3890 -3897 -3888 -3937 -3843 -3912 -3832 -3849 -3849 -3880 -3838 -3901 -3820 -3870 -3842 -3826 -3815 -3792 -3815 -3842 -3829 -3847 -3808 -3787 -3787 -3783 -3796 -3811 -3809 -3787 -3811 -3812 -3817
-4143 -4164 -4121 -4088 -4126 -4025 -4010 -4076 -4076 -4090 -4088 -4054 -4060 -4035 -4037 -4057 -4028 -3983 -4030 -4025 -3990 -3983 -3991 -3970 -3970 -3977 -3940 -3923 -3962 -3922 -3956 -3964 -3988 -3967 -3943 -3880 -3893 -3900 -3913 -3871 -3871 -3934 -3895 -3869 -3874 -3893 -3851 -3864 -3859 -3850 -3827 -3825 -3826 -3824 -3810 -3812 -3797 -3797 -3781 -3770 -3749 -3747 -3730 -3739 -3612 -4401 -3695 -3665 -3695 -3702 -3661 -3665 -3706 -3706 -3694 -3694 -3703 -3697 -3705 -3754 -3699 -3690
-4010 -3921 -3959 -3976 -3973 -4012 -4026 -4003 -4003 -4023 -3964 -3939 -3945 -3890 -3977 -3951 -3947 -3906 -3908 -3926 -3904 -3891 -3888 -3864 -3864 -3900 -3939 -3802 -3835 -3830 -3828 -3827 -3844 -3834 -3829 -3826 -3820 -3797 -3813 -3745 -3745 -3752 -3779 -3774 -3732 -3699 -3734 -3745 -3762 -3763 -3758 -3770 -3727 -3703 -3690 -3715 -3726 -3726 -3719 -3703 -3680 -3648 -3662 -3656 -3646 -3626 -3634 -3640 -3647 -3623 -3625 -3615 -3612 -3612 -3613 -3607 -3617 -3625 -3641 -3617 -3607 -3593
-3897 -3907 -3901 -3869 -3851 -3874 -3800 -3771 -3771 -3828 -3823 -3841 -3850 -3858 -3792 -3773 -3785 -3783 -3738 -3713 -3712 -3722 -3751 -3759 -3759 -3746 -3727 -3724 -3705 -3669 -3651 -3622 -3610 -3646 -3654 -3659 -3648 -3656 -3659 -3661 -3661 -3658 -3641 -3637 -3626 -3619 -3609 -3615 -3623 -3603 -3602 -3603 -3590 -3597 -3583 -3580 -3554 -3554 -3555 -3558 -3541 -3534 -3530 -3521 -3507 -3506 -3498 -3501 -3492 -3488 -3474 -3475 -3471 -3471 -3462 -3475 -3470 -3474 -3488 -3492 -3474 -3457
-3774 -3718 -3674 -3685 -3712 -3729 -3714 -3694 -3694 -3716 -3709 -3697 -3687 -3661 -3649 -3659 -3654 -3633 -3618 -3605 -3595 -3527 -3564 -3569 -3569 -3570 -3577 -3585 -3585 -3587 -3582 -3589 -3556 -3475 -3508 -3539 -3537 -3539 -3528 -3539 -3539 -3545 -3537 -3541 -3530 -3529 -3522 -3515 -3509 -3506 -3493 -3495 -3488 -3483 -3475 -3475 -3456 -3456 -3443 -3446 -3429 -3411 -3396 -3402 -3395 -3388 -3379 -3375 -3374 -3364 -3359 -3360 -3363 -3363 -3359 -3361 -3359 -3365 -3378 -3373 -3364 -3363
-3656 -3679 -3647 -3602 -3719 -3668 -3425 -3582 -3582 -3600 -3586 -3578 -3586 -3578 -3564 -3550 -3457 -3482 -3528 -3509 -3513 -3494 -3516 -3506 -3506 -3490 -3477 -3476 -3469 -3467 -3468 -3462 -3466 -3450 -3447 -3443 -3421 -3423 -3417 -3421 -3421 -3370 -3369 -3364 -3368 -3392 -3371 -3385 -3370 -3367 -3365 -3361 -3359 -3356 -3354 -3342 -3247 -3247 -3362 -3303 -3309 -3309 -3300 -3302 -3292 -3283 -3277 -3270 -3269 -3262 -3254 -3244 -3256 -3256 -3259 -3269 -3276 -3282 -3283 -3281 -3283 -3276
-3664 -3615 -3567 -3581 -3551 -3554 -3540 -3509 -3509 -3499 -3515 -3498 -3502 -3501 -3499 -3483 -3467 -3452 -3445 -3425 -3365 -3932 -3511 -3348 -3348 -3379 -3355 -3347 -3355 -3345 -3331 -3304 -3311 -3312 -3304 -3292 -3280 -3294 -3268 -3209 -3209 -3150 -3180 -3258 -3228 -3241 -3255 -3260 -3245 -3229 -3218 -3220 -3221 -3219 -3222 -3232 -3235 -3235 -3234 -3237 -3229 -3219 -3221 -3213 -3208 -3198 -3187 -3183 -3177 -3181 -3173 -3175 -3166 -3166 -3183 -3195 -3201 -3214 -3213 -3202 -3201 -3198
-3551 -3506 -3523 -3499 -3472 -3452 -3435 -3438 -3438 -3425 -3444 -3426 -3411 -3398 -3389 -3380 -3376 -3362 -3342 -3328 -3321 -3299 -3291 -3293 -3293 -3281 -3278 -3241 -3233 -3238 -3223 -3202 -3180 -3185 -3187 -3185 -3162 -3124 -3149 -3166 -3166 -3161 -3145 -3104 -3117 -3144 -3138 -3134 -3134 -3127 -3105 -3101 -3105 -3119 -3113 -3112 -3111 -3111 -3111 -3122 -3115 -3110 -3081 -3074 -3075 -3054 -3066 -3061 -3033 -3047 -3036 -3019 -3035 -3035 -3035 -3024 -3043 -3078 -3021 -3003 -2995 -3007
-3512 -3474 -3422 -3437 -3431 -3396 -3393 -3372 -3372 -3322 -3323 -3318 -3292 -3278 -3264 -3246 -3238 -3168 -3422 -3152 -3187 -3196 -3184 -3165 -3165 -3166 -3165 -3165 -3163 -3150 -3147 -3137 -3110 -3086 -3081 -3074 -3070 -3062 -3055 -3039 -3039 -3026 -3024 -3012 -3002 -2997 -2992 -2977 -2964 -2923 -2913 -2895 -2897 -2910 -2918 -2898 -2877 -2877 -2892 -2902 -2890 -2907 -2899 -2877 -2880 -2812 -2821 -2848 -2812 -2790 -2827 -2873 -2879 -2879 -2835 -2857 -2858 -2849 -2842 -2809 -2766 -2737
-3424 -3415 -3405 -3387 -3358 -3329 -3278 -3327 -3327 -3298 -3280 -3259 -3229 -3201 -3190 -3165 -3137 -3114 -3104 -3090 -3101 -3098 -3102 -3098 -3098 -3067 -3070 -3043 -3032 -3030 -3011 -2996 -2965 -2959 -2946 -2899 -2904 -2886 -2880 -2860 -2860 -2840 -2818 -2813 -2820 -2798 -2807 -2815 -2771 -2739 -2725 -2695 -2677 -2678 -3115 -2545 -2650 -2650 -2634 -2674 -2640 -2672 -2681 -2659 -2627 -3185 -2692 -2668 -2676 -2680 -2692 -2690 -2659 -2659 -2693 -2683 -2696 -2684 -2665 -2654 -2554 -2482
-3384 -3362 -3360 -3320 -3308 -3255 -3310 -3258 -3258 -3256 -3229 -3202 -3181 -3150 -3131 -3108 -3092 -3077 -3062 -3052 -3046 -3041 -3035 -3042 -3042 -3025 -3005 -2975 -2948 -2928 -2904 -2896 -2885 -2858 -2802 -2867 -2866 -2811 -2774 -2767 -2767 -2740 -2733 -2719 -2702 -2693 -2717 -2718 -2691 -2638 -2623 -2615 -2589 -2576 -2595 -2563 -2551 -2551 -2564 -2569 -2555 -2539 -2545 -2562 -2588 -2570 -2582 -2555 -2584 -2605 -2583 -2571 -2575 -2575 -2566 -2565 -2486 -2550 -2571 -2521 -2485 -2629
-3310 -3296 -3277 -3270 -3254 -3234 -3228 -3215 -3215 -3193 -3176 -3139 -3084 -3089 -3049 -2993 -3011 -3013 -3001 -2975 -2981 -2969 -2908 -2886 -2886 -2861 -2857 -2828 -2809 -2816 -2776 -2718 -2678 -2656 -2635 -2630 -2661 -2636 -2659 -2642 -2642 -2576 -2549 -2552 -2514 -2507 -2498 -2497 -2494 -2488 -2451 -2458 -2419 -2423 -2411 -2403 -2413 -2413 -2412 -2435 -2437 -2417 -2381 -2384 -2351 -2382 -2378 -2388 -2408 -2373 -2453 -2406 -2365 -2365 -2368 -2279 -2245 -2280 -2341 -2311 -2291 -2298
-3252 -3250 -3235 -3213 -3195 -3184 -3130 -3111 -3111 -3116 -3077 -3055 -3012 -3048 -2983 -2973 -2985 -2959 -2942 -2904 -2874 -2848 -2813 -2797 -2797 -2776 -2770 -2754 -2741 -2687 -2625 -2598 -2557 -2556 -2534 -2501 -2457 -2453 -2480 -2465 -2465 -2423 -2413 -2386 -2363 -2339 -2331 -2349 -2323 -2321 -2307 -2276 -2289 -2289 -2248 -2267 -2276 -2276 -2278 -2243 -2252 -2263 -2286 -2258 -2174 -2242 -2249 -2292 -2279 -2198 -2242 -2216 -2202 -2202 -2121 -2126 -2156 -2174 -2201 -2172 -2055 -2062
-3204 -3196 -3188 -3165 -3116 -3096 -3058 -3050 -3050 -3039 -3003 -2987 -2983 -2925 -2939 -2935 -2922 -2904 -2836 -2812 -2786 -2751 -2696 -2675 -2675 -2629 -2601 -2611 -2573 -2574 -2543 -2522 -2485 -2456 -2396 -2365 -2333 -2308 -2243 -2281 -2281 -2267 -2252 -2233 -2229 -2206 -2168 -2153 -2150 -2145 -2144 -2149 -2144 -2135 -2083 -2063 -2085 -2085 -2102 -2098 -2081 -2115 -2104 -2100 -2082 -2058 -2060 -2087 -2091 -2106 -2055 -2049 -2003 -2003 -1959 -1987 -1909 -1909 -1985 -1923 -1895 -1876
-3167 -3156 -3152 -3119 -3105 -3070 -3020 -2983 -2983 -3000 -2994 -2979 -2964 -2906 -2911 -2915 -2888 -2862 -2812 -2755 -2730 -2702 -2682 -2659 -2659 -2615 -2574 -2552 -2522 -2485 -2463 -2426 -2420 -2422 -2383 -2282 -2305 -2289 -2305 -2219 -2219 -2232 -2173 -2147 -2164 -2156 -2143 -2118 -2084 -2087 -2069 -2078 -2073 -2032 -2018 -1978 -2236 -2236 -1978 -2019 -2020 -2031 -2041 -1989 -1986 -1989 -1987 -1994 -2022 -2012 -2023 -1952 -1931 -1931 -1909 -1961 -1816 -1787 -1821 -1796 -1758 -1801
-3116 -3081 -3071 -3032 -3003 -2982 -2961 -2960 -2960 -2929 -2895 -2901 -2847 -2815 -2805 -2786 -2738 -2726 -2713 -2656 -2645 -2515 -2520 -2516 -2516 -2530 -2494 -2476 -2428 -2398 -2354 -2305 -2243 -2271 -2240 -2209 -2157 -2203 -2192 -2189 -2189 -2138 -2117 -2057 -2043 -2021 -2013 -2000 -1997 -1944 -1909 -1927 -1910 -1922 -1872 -1879 -1856 -1856 -1846 -1847 -1777 -1819 -1876 -1892 -1864 -1853 -1868 -1860 -1879 -1860 -1830 -1792 -1740 -1740 -1782 -1719 -1585 -1656 -1671 -1604 -1499 -1477
-3082 -3053 -3056 -3012 -2977 -2964 -2938 -2894 -2894 -2901 -2889 -2832 -2776 -2769 -2742 -2663 -2680 -2642 -2626 -2626 -2591 -2533 -2518 -2505 -2505 -2473 -2456 -2425 -2392 -2365 -2315 -2287 -2248 -2212 -2184 -2202 -2157 -2152 -2134 -2148 -2148 -2116 -2065 -2034 -1990 -1980 -1978 -1943 -1915 -1915 -1895 -1885 -1863 -1831 -1817 -1808 -1775 -1775 -1762 -1672 -1703 -1758 -1798 -1803 -1774 -1746 -1776 -1785 -1776 -1706 -1741 -1688 -1683 -1683 -1697 -1568 -1538 -1587 -1569 -1495 -1547 -1347
-3070 -3028 -2975 -2947 -2953 -2902 -2882 -2862 -2862 -2816 -2801 -2773 -2736 -2705 -2673 -2648 -2640 -2615 -2584 -2544 -2508 -2454 -2430 -2394 -2394 -2390 -2373 -2334 -2307 -2263 -2258 -2254 -2225 -2159 -2143 -2119 -2077 -2042 -2089 -2049 -2049 -2004 -1972 -1956 -1953 -1930 -1877 -1825 -1823 -1787 -1769 -1749 -1725 -1718 -1675 -1617 -1583 -1583 -1582 -1579 -1550 -1564 -1528 -1558 -1609 -1646 -1573 -1617 -1556 -1528 -1503 -1478 -1459 -1459 -1554 -1467 -1359 -1347 -1301 -1212 -1191 -1109
-3047 -3000 -2959 -2933 -2901 -2853 -2880 -2856 -2856 -2821 -2782 -2742 -2701 -2650 -2625 -2599 -2570 -2571 -2517 -2497 -2455 -2445 -2360 -2306 -2306 -2323 -2267 -2268 -2269 -2180 -2192 -2182 -2151 -2137 -2096 -2063 -2043 -2017 -1968 -1954 -1954 -1908 -1911 -1891 -1915 -1883 -1859 -1784 -1756 -1749 -1712 -1623 -1610 -1614 -1569 -1549 -1527 -1527 -1494 -1503 -1464 -1489 -1490 -1475 -1485 -1506 -1510 -1533 -1504 -1503 -1413 -1380 -1369 -1369 -1335 -1358 -1264 -1278 -1221 -1190 -1054 -902
-3000 -2921 -2876 -2843 -2676 -2777 -2748 -2778 -2778 -2757 -2689 -2622 -2628 -2583 -2547 -2535 -2464 -2393 -2359 -2341 -2310 -2310 -2280 -2235 -2235 -2188 -2166 -2164 -2130 -2105 -2073 -2039 -1996 -1975 -1942 -1915 -1924 -1881 -1852 -1807 -1807 -1815 -1792 -1800 -1772 -1743 -1772 -1704 -1683 -1586 -1615 -1575 -1522 -1497 -1459 -1376 -1329 -1329 -1334 -1355 -1296 -1315 -1272 -1306 -1321 -1310 -1307 -1292 -1391 -1342 -1293 -1262 -1299 -1299 -1204 -1221 -1182 -1084 -1135 -1127 -989 -904
-2968 -2869 -2815 -2886 -2820 -2826 -2799 -2765 -2765 -2732 -2676 -2646 -2609 -2465 -2520 -2455 -2419 -2388 -2339 -2299 -2260 -2237 -2183 -2166 -2166 -2133 -2118 -2076 -2064 -2042 -2019 -1988 -1985 -1967 -1912 -1838 -1852 -1826 -1811 -1767 -1767 -1702 -1712 -1713 -1690 -1665 -1668 -1569 -1467 -1554 -1484 -1486 -1456 -1434 -1416 -1399 -1365 -1365 -1320 -1263 -1197 -1203 -1221 -1230 -1216 -1199 -1207 -1245 -1253 -1231 -1225 -1213 -1208 -1208 -1102 -1186 -1127 -1088 -1051 -1078 -962 -823
-3014 -2973 -2939 -2907 -2834 -2762 -2757 -2709 -2709 -2703 -2656 -2607 -2588 -2540 -2471 -2411 -2415 -2398 -2287 -2246 -2194 -2146 -2096 -2076 -2076 -2045 -2044 -2006 -1970 -1935 -1908 -1913 -1886 -1837 -1805 -1752 -1748 -1718 -1693 -1662 -1662 -1567 -1667 -1599 -1561 -1514 -1472 -1486 -1440 -1372 -1330 -1313 -1260 -1174 -1182 -1237 -1162 -1162 -1122 -1182 -1083 -1012 -990 -986 -1016 -876 -1030 -1043 -1040 -947 -1023 -1006 -1080 -1080 -1013 -980 -938 -934 -1000 -891 -765 -705
-3032 -2973 -2940 -2862 -2789 -2753 -2687 -2694 -2694 -2636 -2643 -2619 -2543 -2527 -2493 -2419 -2359 -2351 -2321 -2275 -2163 -2123 -2095 -2024 -2024 -1935 -1879 -1910 -1935 -1882 -1858 -1841 -1804 -1739 -1745 -1714 -1673 -1654 -1588 -1611 -1611 -1499 -1443 -1446 -1421 -1372 -1243 -1213 -1252 -1229 -1214 -1180 -1140 -1012 -1101 -1061 -1057 -1057 -1109 -1093 -979 -902 -880 -820 -700 -627 -671 -730 -779 -728 -794 -867 -910 -910 -818 -709 -828 -787 -818 -672 -644 -526
-3030 -2965 -2820 -2826 -2709 -2675 -2650 -2608 -2608 -2590 -2523 -2452 -2434 -2381 -2338 -2295 -2300 -2279 -2213 -2186 -2143 -2057 -1954 -1968 -1968 -1939 -1851 -1788 -1732 -1673 -1647 -1676 -1669 -1636 -1606 -1550 -1461 -1361 -1342 -1288 -1288 -1233 -1197 -1153 -1123 -906 -789 -659 -741 -678 -674 -591 -646 -652 -585 -632 -622 -622 -680 -702 -681 -535 -639 -237 25 150 413 284 338 282 58 -125 -101 -101 -238 -242 -347 -276 -247 -229 -163 -156
-2987 -2898 -2773 -2759 -2677 -2590 -2573 -2543 -2543 -2502 -2463 -2428 -2369 -2326 -2250 -2257 -2245 -2189 -2137 -2089 -2064 -2012 -1980 -1949 -1949 -1901 -1843 -1748 -1731 -1673 -1586 -1510 -1520 -1537 -1461 -1344 -1307 -1243 -1175 -1147 -1147 -1054 -944 -843 -736 -582 -519 -374 -357 -253 -240 -272 -282 -258 -389 -282 -274 -274 -442 -443 -430 -176 173 217 643 931 1063 1083 1084 866 703 662 447 447 153 93 75 139 -152 54 -28 -106
-3001 -2866 -2867 -2785 -2719 -2638 -2543 -2500 -2500 -2417 -2378 -2355 -2328 -2260 -2214 -2179 -2158 -2133 -2085 -2052 -2000 -1982 -1903 -1880 -1880 -1870 -1832 -1735 -1678 -1575 -1527 -1502 -1426 -1399 -1393 -1219 -1173 -1015 -939 -884 -884 -788 -508 -440 -320 -315 -67 -33 -22 249 167 135 126 140 115 36 45 45 -72 -61 6 446 771 1070 1440 1399 1788 1891 1843 1678 1548 1295 832 832 871 723 583 467 317 265 271 289
-2991 -2919 -2828 -2749 -2673 -2563 -2510 -2444 -2444 -2377 -2325 -2241 -2194 -2153 -2087 -1942 -2039 -2032 -1911 -1932 -1872 -1800 -1742 -1716 -1716 -1672 -1616 -1542 -1480 -1397 -1361 -1280 -1204 -1138 -991 -906 -689 -459 -451 -350 -350 -139 110 430 509 626 646 779 964 1096 1220 1199 1199 1127 1084 247 1198 1198 1068 1253 1968 2257 2437 2677 3046 3352 3513 3483 3390 3360 3248 2945 2594 2594 2325 2127 1745 1739 1441 1227 938 749
-2971 -2903 -2838 -2745 -2661 -2520 -2502 -2416 -2416 -2366 -2321 -2224 -2157 -2075 -2011 -1946 -1882 -1849 -1883 -1828 -1769 -1710 -1677 -1632 -1632 -1587 -1516 -1491 -1389 -1291 -1182 -1165 -1040 -990 -881 -659 -501 -371 -235 12 12 106 381 646 988 1045 1121 1183 1400 1583 1692 1734 1761 1742 1722 1741 1749 1749 1815 2359 3039 3644 3740 4026 4030 4071 4337 4522 4419 4316 4043 4108 3734 3734 3125 2582 2392 2179 1892 1750 1440 1032
-3022 -2924 -2750 -2682 -2683 -2561 -2516 -2431 -2431 -2347 -2287 -2257 -2200 -2129 -2046 -1981 -1888 -1825 -1766 -1720 -1736 -1658 -1583 -1523 -1523 -1517 -1414 -1270 -1222 -1187 -1073 -1063 -914 -739 -627 -500 -319 -119 67 237 237 471 779 906 1265 1431 1597 1763 1969 2111 2165 2300 2347 2382 2516 2520 2537 2537 2659 3477 4135 4372 4081 4032 4603 4607 4641 4653 4552 4485 4495 4369 4142 4142 4018 3574 3095 2781 2372 2214 1896 1776
