hypsometry_terrestrial_planets_input/topography/mercury.mla.cea.asc
ncols        767
nrows        244
xllcorner    -7664543.596962999552
yllcorner    -2436433.803696867079
cellsize     19984.154933183883
[rows 185 to 221 of 244, columns 420 to 503 of 767]
3678 3725 4213 3759 3705 3743 2779 2714 2992 3172 2890 4103 4103 2414 1489 2289 3664 3425 3208 3122 3311 3572 2929 2291 2248 2975 3958 3840 3840 3770 3394 3229 4283 2432 3646 3276 2868 3088 4043 2376 1916 2476 2407 2664 2347 2347 2626 2909 2656 1531 1187 735 383 555 1002 870 126 -175 278 1452 916 916 610 375 630 327 639 1461 1790 1325 1097 893 492 789 478 1334 -912 -912 -2338 -2274 -1730 1190 2618 4111
4804 4762 4064 3621 3953 3698 2927 3165 3831 2403 3674 3692 3692 4345 3851 4424 3494 3378 3197 3235 3278 3522 3041 2483 2205 3044 4205 3771 3771 3541 3390 3517 4422 3285 3267 3143 3357 4461 2850 2319 3988 3542 2817 1724 4470 4470 1157 -452 170 2144 2218 1366 363 127 637 776 186 -596 2030 -608 1198 1198 634 489 597 556 522 1546 2105 1157 696 769 508 1177 916 1724 2354 2354 -1034 -1567 467 2435 3414 4471
4664 5101 4643 3905 4359 3981 3757 3958 4717 3535 3735 3553 3553 3635 3645 4150 3729 3742 3641 3301 3405 3521 3127 2375 2615 3624 4274 3921 3921 3427 3566 3298 3358 3057 3003 3831 3862 1513 193 54 874 3045 4493 3513 1588 1588 -1098 -1297 -1018 -1072 2615 1741 964 625 1323 1183 2158 -1025 -2416 -452 854 854 44 468 479 567 1405 1732 -16 1136 1030 1170 1271 1435 862 558 725 725 1071 1237 1289 1528 2757 3199
4394 3956 4963 4532 3798 4723 4320 4218 4011 4134 4500 3834 3834 4021 4699 3603 3714 4262 4213 4088 3833 3640 3010 2861 3280 4203 5689 5074 5074 4079 3871 3831 3583 2985 3944 2000 2576 577 -190 -73 206 4014 4601 4263 -955 -955 -2334 -2183 -2289 -1793 2145 2150 563 28 119 601 1792 -2217 -2958 -2777 350 350 -822 589 1158 1659 1720 393 820 1415 1617 1339 1264 981 571 -422 -143 -143 212 248 540 925 810 1384
4598 3588 3743 3665 3496 3366 3382 3784 3682 3527 3702 4827 4827 5061 4754 4841 4484 3849 4213 4222 4218 4092 3850 3891 4631 6136 4003 4719 4719 4669 3773 4462 3882 2810 3217 2773 2663 3331 2443 2682 4180 4126 3775 4880 2267 2267 173 -412 2660 2485 2409 2119 2067 1340 243 171 446 1508 1560 1851 276 276 508 1469 1366 1812 2028 2345 2942 2500 1006 291 -29 79 -41 -68 -192 -192 -410 283 -514 -579 785 1804
2219 4926 3663 3258 3330 3390 3568 3575 3302 3404 4202 4575 4575 4412 4528 4800 4734 4000 3744 4355 2804 4343 4455 4830 5766 3772 4425 5386 5386 5159 5191 4951 3564 2720 3002 4021 4119 3639 4477 4225 3725 2836 3317 3892 4157 4157 2967 3315 3053 3124 3200 2977 3169 2966 651 340 477 1070 -54 -6 1543 1543 2129 2131 1998 1958 2344 1471 1537 1570 1272 668 286 1007 188 110 -849 -849 -252 -495 -499 -266 -712 -1066
701 3967 4434 3567 3934 3933 4148 2918 3767 4420 4461 4481 4481 4437 4631 4760 5175 5993 6240 3965 3782 1295 3323 3976 3309 2140 2558 5540 5540 4839 4874 4540 4599 3386 3613 4313 4229 3526 3932 3407 3072 2975 2811 2940 3100 3100 3165 2539 2338 2992 3659 1719 3091 1364 -213 261 -282 360 607 -159 327 327 1424 2270 2796 1286 -674 -2139 -2336 -2698 -2044 -263 405 1027 360 -1695 -2531 -2531 -2192 311 -49 486 -700 -687
1321 5226 4524 3946 4061 4028 1077 975 4654 4313 4090 4888 4888 5350 4434 4563 4274 3493 3656 3850 3712 1689 3056 3943 4790 4068 3799 4572 4572 4695 4313 4370 4868 4043 3764 2579 4571 3705 3528 3442 3383 3242 2729 2431 2919 2919 2813 2663 2548 3900 4239 3887 3976 2775 1131 649 367 842 156 909 1794 1794 1673 2656 928 -1093 -1792 -2306 -2892 -3102 -3016 -2084 74 687 996 945 -2009 -2009 -630 -228 -1219 -769 116 -792
2802 3827 3562 3327 3905 4298 3486 3797 4871 4408 5084 1874 1874 4796 4650 4701 4284 4812 5083 4380 4015 4553 5206 4220 3517 5487 5828 5032 5032 5500 4586 4163 5578 4694 3967 3290 3888 3603 3359 3163 3309 3143 2946 2702 2715 2715 3039 3534 4285 903 -1092 -1338 -630 2681 3066 1633 980 1263 1520 1419 1696 1696 2263 2911 -618 -1840 -2156 -2845 -2841 -3075 -3191 -2494 -1341 817 332 -137 144 144 406 919 -1031 -129 972 639
2975 3323 3302 4123 3745 3420 3956 4529 3178 4347 4530 4840 4840 5611 4788 4583 5041 4622 4461 4176 3899 4631 3593 3233 5335 3653 1532 1822 1822 2842 4865 4260 4399 5629 5274 4952 5023 4156 3424 3479 3242 3154 3043 3134 3542 3542 3213 2222 3054 220 -1109 -1149 -1298 1436 3254 1929 1917 2058 2389 2812 3120 3120 2074 520 -1221 -1306 -1897 -2395 -3939 -4104 -4058 -3563 -3219 -1419 -677 -688 -623 -623 -95 -823 -3055 510 916 1255
2780 2922 2986 3124 2780 2839 2815 3285 3747 4056 4185 4537 4537 5484 3987 4275 5640 4486 4324 4170 5012 4632 3564 3242 4931 4410 1609 1568 1568 4383 5045 4424 4572 5997 4551 842 971 4947 3866 3616 3563 3476 3852 3688 3387 3387 3582 2685 3096 -16 -986 -1413 -1185 1311 3651 2233 2451 2710 3536 4222 4467 4467 3714 2072 -452 -1238 -1318 -2583 -3508 -4405 -4214 -3867 -3367 -1098 -769 -863 -582 -582 -531 -14 587 47 100 161
2184 2924 435 -359 -411 3271 2636 2639 2994 3745 4659 5668 5668 5449 3251 1477 562 553 196 -15 285 2928 4687 3213 4404 5086 5084 4843 4843 5396 5119 4773 5427 6119 4182 3470 4338 4404 3506 3817 4042 2544 2941 2783 2320 2320 2538 3822 3884 3623 3736 3947 2475 1903 1184 3196 2521 1909 412 -712 -554 -554 2123 3240 4966 -248 -1045 -1330 -1946 -2176 -1191 -1298 -1344 -1040 -341 -886 -239 -239 214 -476 -637 443 2118 2158
841 2328 2090 2332 1198 2996 2540 2168 2609 3269 4854 5781 5781 5655 2120 283 193 2294 -64 49 44 772 3597 2929 4840 5038 4848 4595 4595 4686 4102 4619 4411 3737 4062 3739 2575 2602 2926 2989 2496 2607 2897 3566 4310 4310 3801 3606 3046 2673 2236 1750 2368 1986 1675 1540 2406 3211 2595 2217 1771 1771 1046 101 4779 2747 1320 532 -5 176 578 310 171 -363 380 819 -149 -149 -611 -1267 958 152 750 1413
1498 1770 1749 1479 2038 2404 2050 2177 2969 3881 4003 6167 6167 5610 2614 307 -22 -81 -152 425 485 895 3353 3282 5448 4827 4560 4470 4470 4415 4260 5127 4080 3750 3596 2907 2476 2345 2517 2785 3056 3629 4158 2561 2705 2705 2761 2723 2599 2215 1288 967 1557 1515 1368 655 1355 3037 4499 5311 2352 2352 1141 1440 4013 3596 3790 2867 2280 2826 2378 2059 2496 2353 2191 1695 1170 1170 48 699 1431 1148 1232 -74
2218 504 2674 1821 2213 2344 2852 2509 2851 2857 3626 5150 5150 5251 4837 2256 274 -226 -149 -170 467 2873 3192 4656 5039 4479 3922 4111 4111 4070 4147 4579 4492 4873 3885 3421 2779 3639 3073 3574 4338 5940 5194 4494 2304 2304 681 3416 2288 1499 856 787 892 462 363 414 1299 3058 5173 4554 3931 3931 3302 3231 2811 2734 3548 2198 4166 3117 2677 1824 2203 1469 2434 -1824 -8 -8 1933 500 -572 225 1051 1850
1541 -457 1719 2187 500 2454 2272 2024 2620 3258 3432 2979 2979 3781 4806 5083 2179 776 805 1161 1389 2184 5189 4488 4144 3903 3833 4057 4057 4321 4193 4694 5164 420 398 4395 4141 3314 917 1817 3274 3142 3611 4289 3416 3416 3387 3154 2441 1205 1026 1067 633 315 829 3125 4224 3852 3632 2676 1733 1733 2239 2261 2824 2628 730 1308 3250 1654 1518 948 973 829 749 -1363 395 395 827 804 481 1134 1567 1200
2102 1687 1303 1092 1773 1679 2048 2516 3625 4382 2409 2565 2565 2896 2488 3316 3122 2215 3516 4231 4898 4749 4050 3798 3841 3826 3721 1959 1959 2859 2735 2930 3917 3287 3959 4368 5702 5212 1186 1916 1533 2196 3967 3726 3331 3331 3316 3547 3138 2631 1965 1464 1633 3102 2972 2616 2500 1278 1270 1251 1286 1286 1213 1587 2355 3049 2184 246 -96 2283 1273 643 -283 -7 478 135 677 677 303 982 1397 1273 2390 2135
2559 2233 1690 1728 2105 2408 2657 3122 4206 3437 2376 2097 2097 2534 2517 2298 1842 3098 3608 4441 4548 4748 3446 4396 3878 3465 2338 2089 2089 2399 2813 3544 2786 2510 4109 4917 4493 4156 4309 5223 3430 2999 2705 2652 2570 2570 2203 2694 3157 3255 2997 3728 3024 3737 2197 280 3291 1630 916 901 1117 1117 1673 1642 2029 2108 3461 2044 1230 1598 370 317 257 468 -101 891 1300 1300 1017 1329 1382 1586 2614 2765
1860 2327 1996 1460 1431 1786 1966 2656 3172 2940 2293 2327 2327 2274 2177 2561 3016 3663 3715 4244 4550 1026 774 776 3845 2059 1869 1905 1905 2657 879 2305 2108 1520 3299 4394 3009 2428 2712 2066 1682 1408 1276 1637 1847 1847 2173 2326 2495 838 30 987 1010 2771 2621 2346 1822 1511 1252 1057 1607 1607 1549 1982 1397 1805 3263 2794 1296 621 401 501 759 1459 1384 1882 1817 1817 1027 1325 1465 1739 2811 3154
557 286 952 1724 377 -848 -1285 -1377 -1258 -77 2454 2049 2049 2691 2653 3242 3322 3567 3735 3796 4110 787 529 1790 2178 2230 2060 2044 2044 2820 2899 4787 4706 3567 3193 2968 2403 1995 1814 1606 1132 840 922 1177 1355 1355 2040 2490 3171 1140 -2992 -3282 -763 616 1815 1694 1049 917 741 974 830 830 2006 1829 1794 2087 1835 -130 595 1889 723 520 1452 1800 -1932 -1982 -1971 -1971 1064 1422 1068 2299 3365 2829
431 604 833 1524 -21 -445 -1091 -1939 -806 -1670 -1403 1511 1511 1628 1375 3048 2618 388 308 1868 2249 2171 2138 2088 2148 1772 1725 1466 1466 612 2285 1687 1758 2184 1890 1970 1679 1614 1607 1314 1345 1427 1312 1573 1991 1991 1897 1818 2215 3158 3493 2886 1759 934 837 1138 807 489 441 566 1199 1199 1301 1669 1604 1964 2957 -1452 1602 976 843 489 745 1164 2154 1568 1552 1552 1826 1086 1459 2630 -872 -1265
330 292 1281 910 -3374 -3681 -3312 -2697 -2888 -604 -291 994 994 709 510 1818 1985 2508 2302 2403 2070 1977 1907 2046 1838 2249 586 -707 -707 -1152 1984 1934 1984 1974 2019 1659 1550 1345 1597 1418 1744 2471 2061 2021 2095 2095 2702 1391 2108 1751 1507 1790 1235 1315 1238 1098 868 457 548 709 648 648 1619 1362 1095 1462 1743 1849 1702 1273 1122 646 797 825 1090 859 988 988 1401 1017 961 1087 -836 -1211
567 539 601 1290 -1546 -2160 -1554 -2820 -2528 1332 1477 808 808 660 492 785 1636 2351 2334 2277 1964 2179 2403 2415 2399 2926 2967 2114 2114 2180 1636 1515 1595 1561 2105 1475 1228 1342 2205 2662 2025 1922 1797 1873 2159 2159 2877 2767 2343 2087 1853 1554 1201 782 893 344 378 129 102 506 -34 -34 682 1770 1894 1492 1228 692 -176 -478 117 894 957 710 241 -259 -197 -197 675 1403 1157 849 -2329 -4186
-578 -111 253 829 546 320 841 1700 1783 1373 872 657 657 990 751 897 921 943 1081 1249 1568 1872 1646 1350 1556 1251 1625 1971 1971 2559 2570 2501 1676 1383 1950 1600 1920 1896 1992 2514 2579 2137 2060 1930 2026 2026 2175 1716 1664 2123 2532 2674 1861 2259 2326 1997 2068 1394 2391 1856 1169 1169 -728 -932 59 2092 968 1328 222 -365 -469 -296 -1358 -1806 -2057 -2040 -1602 -1602 -672 -83 -161 237 -2713 -3528
-627 -345 -148 51 -8 176 355 514 2001 2513 1450 1086 1086 1409 1776 1528 960 1196 1520 2412 2151 2447 2655 1531 1146 978 1430 1726 1726 1658 1983 1689 2101 1964 1437 1377 1179 1576 1540 1363 1487 1562 1548 1376 1185 1185 1354 1226 971 1076 1058 579 849 843 1399 2078 2295 1243 1369 1481 2432 2432 831 -714 577 1389 1528 1818 147 -384 265 -701 -1517 -1953 -1932 -1841 -1629 -1629 -673 -531 -690 -28 -416 -1530
-603 -668 -743 -434 -322 -44 -24 205 354 1045 1619 1493 1493 1168 1009 1610 2241 3174 3043 3614 2644 2914 380 1744 1394 1571 1365 1399 1399 1525 1412 1550 1290 1679 985 944 667 798 777 688 977 1013 1088 1136 1865 1865 2176 2093 1168 547 496 559 371 480 1126 1130 722 960 962 1620 2305 2305 2015 2107 1567 882 56 1019 1281 211 -145 -431 -1790 -1346 -1325 -1409 -2083 -2083 -1527 -2226 -1156 -662 -487 -685
-754 -384 -343 -546 -1730 -2429 -2325 -193 -13 -291 106 720 720 1564 1327 1322 2179 1595 -121 -590 -792 -541 -373 -161 524 1001 343 2442 2442 2126 686 325 328 743 1018 591 775 687 436 512 815 1042 1840 1880 3055 3055 1038 1653 980 1073 652 1236 1570 618 300 335 267 149 -253 -204 255 255 -826 -2094 387 800 -327 -111 -616 -1286 -1066 -710 -1357 -2182 -2364 -2166 -2216 -2216 -2616 -3153 -3093 -2043 -2035 -2128
-746 -715 -3631 -4112 -304 801 -487 -692 -503 -179 39 220 220 415 663 1898 1478 -218 -1384 -1351 -1374 -2474 -1112 -728 -254 -1731 -1431 -1616 -1616 2493 2643 748 1145 970 845 913 882 664 705 551 642 1784 1535 -1759 -2387 -2387 31 1585 1638 555 1039 753 99 74 -342 567 333 -85 -213 1319 182 182 -1868 -2123 168 -1099 -1325 -1363 -1036 -1268 -1693 -840 -152 -731 -1546 -1483 -1618 -1618 -1709 -2630 -3018 -2678 -2385 -2390
-515 37 -3322 -3809 9 -337 -696 -860 -844 -873 -661 152 152 163 274 821 509 -645 -930 -2372 -2295 -2714 -2269 -1365 -951 -945 -1106 -776 -776 2061 1696 1201 1078 1290 672 892 420 645 576 1055 2200 1368 -1650 -2690 -2795 -2795 -2930 -1669 1424 1136 514 -315 -497 -485 -437 285 678 715 1875 999 -77 -77 -302 -221 -576 -1331 -1558 -1524 -1114 -550 -156 127 366 -2234 -1676 -1614 -1662 -1662 -2135 -1827 -1928 -1729 -1822 -1525
-513 -509 -1488 -1723 -1113 -998 -511 -1207 -627 -1565 -3162 -4228 -4228 -4364 -298 1535 1577 1114 -513 -642 -1681 -1701 -1792 -1192 -733 1120 1285 1815 1815 1157 969 634 396 405 459 423 230 262 643 1071 1570 1730 1309 18 297 297 -552 562 117 133 670 361 8 193 827 167 988 420 -552 -890 -1253 -1253 -1263 -876 -1196 -1459 -1557 -841 -1082 -1200 -835 -2997 -3595 -4399 -4248 -3979 -2412 -2412 -1398 -2255 -2724 -2740 -2591 -2076
303 -303 -1734 -1158 -771 -1976 -1770 -1509 -1466 -2215 -4403 -4618 -4618 -4645 -3584 220 744 -544 -1860 -1534 655 -164 -338 916 1246 1589 1337 1148 1148 873 932 505 555 837 464 519 263 101 85 227 616 716 710 865 63 63 675 -165 -57 -1766 -3129 886 1394 1399 1302 -669 542 36 -359 -823 -621 -621 -741 -1098 -1446 -947 -1031 -1115 -1269 -1041 -1101 -1636 -2593 -2723 -2585 -1850 -393 -393 -1820 -1492 -2337 -2116 -2146 -1600
2327 177 -2254 -731 3448 2908 3373 -934 -1002 -986 -564 -307 -307 -706 1987 2203 2234 1362 1204 615 1004 389 486 377 534 1152 886 840 840 583 852 621 379 209 220 514 786 880 566 170 -770 -637 -784 -1155 -1136 -1136 -820 -499 29 -144 464 420 608 55 -264 -238 -361 -1397 -1086 -458 -1051 -1051 -1406 -1888 -1836 -1573 -1436 -1336 -1386 -1467 -1261 -882 -754 -797 -209 -879 -646 -646 -286 -202 -622 -893 -1144 -2354
2569 2928 3193 2816 3219 3200 3361 2705 2599 2262 2245 1664 1664 2670 1121 -696 665 3006 2435 1533 1199 1015 944 954 1247 1615 1408 1067 1067 550 415 128 693 -211 -328 -214 -641 -599 -638 -770 -1007 -1204 -1131 -1324 -1376 -1376 -1127 -806 -517 -254 172 -354 -103 -961 -1798 -1598 -656 -886 -504 -237 -1091 -1091 -1165 -1741 -1825 -1280 -880 -634 -289 -509 85 443 825 91 648 -234 126 126 786 -1068 -2112 -2316 -1916 -2754
1182 1410 2057 3101 3242 3281 2594 2293 2728 2965 3020 2903 2903 3537 2813 3040 3390 3299 2622 2311 1740 1095 -1211 -1213 -1440 -1486 2143 2157 2157 1270 166 489 423 956 306 417 163 33 84 -283 51 1256 820 -297 -1940 -1940 -2696 442 1466 1245 303 -46 -678 -992 -202 -640 -564 494 -249 -59 -426 -426 -612 -784 -496 -893 -818 -428 -410 -104 53 -289 -800 -920 -395 -342 855 855 -737 -2327 -2416 -2331 -2498 -2639
829 1276 2640 3345 2763 2860 2991 3167 3228 3564 3428 888 888 2588 4294 4125 3861 3784 3106 2951 3768 354 187 -474 -1333 -1294 72 669 669 716 1088 1023 233 521 602 1357 1152 1 -2183 -2186 1451 1444 -528 -1835 -2767 -2767 -3429 -3428 -574 1633 86 -549 -508 -186 -600 -886 -838 -525 -1122 -1004 1032 1032 381 43 720 204 100 -389 -691 145 299 -667 -1104 -805 -344 284 630 630 312 -991 -1796 -2124 -1619 -1938
2489 2160 2200 2459 1928 1654 1771 1998 2442 3909 3896 4794 4794 4011 4278 2428 2255 2722 1935 1554 910 1473 1700 1715 1772 1540 1857 2214 2214 2295 1515 1634 2286 2130 2202 -1689 -2064 1368 2189 1726 1837 3046 2054 1411 -488 -488 1028 1734 1623 1341 862 20 238 181 -116 -346 456 142 -920 -2961 -3347 -3347 -3723 -3367 -3516 -1433 140 290 -117 321 590 -1015 -2090 -1961 -1273 1255 1102 1102 1616 1890 267 -1213 -1699 -2006
4722 3295 3208 2518 2212 2389 2650 2495 2556 2614 3101 -1223 -1223 -1554 2104 2669 2407 708 432 1178 1178 1405 1755 2243 3109 2088 2375 2134 2134 1081 320 -42 -226 177 -99 231 -263 294 -144 -312 -403 -470 -455 -245 644 644 902 1318 451 181 -290 -232 0 -20 126 483 291 82 -2048 -3464 -3474 -3474 -3720 -4106 -3704 -3021 -879 -143 -6 -219 -1331 -3832 -4029 -3816 -3666 -2061 522 522 -104 520 434 395 526 432
