hypsometry_terrestrial_planets_input/topography/mercury.mla.cea.asc
ncols        767
nrows        244
xllcorner    -7664543.596962999552
yllcorner    -2436433.803696867079
cellsize     19984.154933183883
[rows 37 to 73 of 244, columns 168 to 251 of 767]
-2233 -1368 -2362 -2362 -3114 -908 -561 -774 -1352 -1152 -1211 -1474 -1439 -966 -2067 -3969 -3872 -3729 -3675 -3675 -3922 -2506 -1809 -1547 -1702 -2085 -1943 -1476 -954 -1093 -2294 -2051 -2565 -2240 -2117 -2449 -2449 -2747 -2396 -2294 -2779 -2587 -2652 -2357 -2153 -1811 -2380 -1781 -1932 -2400 -2329 -1528 -1528 -1788 -2289 -2100 -216 -755 -118 -637 -3062 -4802 -5483 -3356 -5916 -6199 -6122 -4736 -4736 -5260 -5674 -5067 -1695 -2188 -2906 -3727 -3526 -1063 663 600 677 -168 366 1078
-1865 -1492 -817 -817 -276 -526 -868 -855 -1166 -1611 -1269 -1620 -1685 -1513 -651 -1406 -1796 -2656 -2485 -2485 -1712 -1473 -1218 -1789 -1568 -1387 -1218 -1489 -1424 -1361 -1714 -1702 -2076 -2160 -2679 -2477 -2477 -2341 -2315 -1935 -2187 -2410 -2062 -1834 -1688 -1771 -2313 -1128 -1883 -1364 -1185 -1967 -1967 -1453 -1487 -1208 -528 -242 168 -2048 -3615 -5359 -5541 -5300 -6336 -6592 -6506 -6166 -6166 -5805 -5607 -5299 -3072 -1362 -3690 -2788 -2884 -496 179 -94 -799 -1673 -1501 -1101
-123 -291 -808 -808 -88 -2157 -1611 -730 -1026 -1151 -1693 -1742 -1667 -1346 -983 -644 -517 -191 -162 -162 -69 -195 -1033 -1599 -1658 -1652 -1330 -1319 -1960 -1084 -1836 -3336 -1683 -1764 -1275 -1511 -1511 -1249 -1522 -1966 -1497 -2113 -1592 -1948 -1280 -1028 -2019 -2553 -1549 -2708 -937 -1011 -1011 -1048 -1018 -374 739 -42 -1286 -2016 -3222 -5155 -5847 -5461 -6376 -6584 -6496 -6225 -6225 -5869 -5573 -4802 -2633 -1446 -1788 -1691 -75 -199 -667 -1221 -1666 -2260 -2171 -1374
-1907 -896 -954 -954 -1144 -2138 -1732 -1248 -359 -805 -932 -1162 -2123 -727 -589 556 -958 625 493 493 -176 -335 -280 -347 -808 -640 -717 -1461 -1647 -1912 -1890 -1984 -1654 -4377 -5084 -5465 -5465 -5263 -1486 -1789 -1182 -1387 -2262 -1020 -1378 -2726 -3578 -4044 -4324 -4261 -3920 -3700 -3700 -2030 -723 -829 -436 158 237 271 -300 -72 -2897 -5212 -5719 -5888 -5592 -5559 -5559 -5054 -3007 -1537 269 790 -30 -487 -893 -923 -1001 -1177 -1558 -1827 -2056 -2365
-4019 -2337 -1015 -1015 989 216 272 -188 -761 -1288 -559 -660 -750 -437 -79 314 211 194 981 981 1064 492 700 802 -131 -330 -760 -2439 -2218 -1815 -2216 -2408 -1283 -1915 -5171 -5094 -5094 -2818 -1407 -1804 -1983 -2651 -1906 -2101 -5174 -4904 -2607 -3651 -4118 -4373 -3895 -3697 -3697 -2077 -1069 -460 -753 -478 -297 358 -1959 -2132 -185 -199 136 -1559 -904 -1511 -1511 -1068 326 -340 -1350 -346 -268 -716 -938 -1609 -1146 -3631 -4883 -2878 -1814 -2870
-3978 -2428 -688 -688 972 251 -356 -661 -1198 -1160 -282 281 -127 -422 -40 -467 -1341 -1759 -2328 -2328 -2360 -2467 -1984 -23 541 -541 -628 -1404 -1549 -1524 -1998 -2538 -2336 -1748 -1236 -1678 -1678 -2087 -2304 -1691 -2053 -1877 -2297 -5700 -5662 -5804 -4859 -2940 -3386 -3909 -3715 -2934 -2934 -1048 -938 -664 -727 -863 -491 202 117 -1362 -1044 -1379 -382 432 -437 168 168 670 704 -81 -1397 22 -672 -617 -936 -1581 -1678 -1142 -840 -1472 -2080 -2321
-3992 -2605 -1291 -1291 -840 210 -1351 -1304 -1159 -1156 -591 48 777 213 -840 -2925 -3055 -4002 -4755 -4755 -4574 -4554 -4169 -1658 711 276 -552 -1193 -1080 -1469 -2079 -2131 -2096 -2218 -1858 -2677 -2677 -1885 -1780 -2092 -2073 -1454 -1146 -5553 -6024 -5800 -4109 -2049 -4016 -3036 -3135 -1485 -1485 -715 -950 -833 -826 -1077 -474 -21 -1057 -248 -1265 -1223 -1179 -757 -920 -462 -462 -76 -168 -149 -779 -684 -646 -1695 -1455 -1786 -1495 -1433 -1433 -1777 -1870 -1847
-982 -147 -510 -510 -1179 -1621 -1427 -1565 -903 -672 -767 498 1122 -257 -1896 -4111 -4168 -4315 -5162 -5162 -4854 -5022 -4642 -4340 -1700 1086 -122 -462 -1660 -1725 -2342 -2450 -2011 -2250 -2481 -1660 -1660 -2278 -2042 -1565 -678 -156 -1130 -1681 -1544 -1064 -212 -56 -1210 -264 -159 -349 -349 -520 -778 -885 -699 -427 -244 -576 -796 -833 -1053 -1193 -1131 -1790 -812 -966 -966 -662 -1178 -2106 -1329 -1785 -1898 -1741 -1947 -2235 -2119 -2127 -1769 -1438 -819 -3464
-1596 -1279 -458 -458 -643 -1761 -1760 -1057 -844 -2327 -1922 -1975 -17 320 -1171 -4027 -4581 -4510 -4837 -4837 -4947 -4680 -4638 -4057 -1441 373 -716 -2562 -2029 -2211 -2080 -2388 -2053 -1546 -2243 -1590 -1590 -2027 -1903 -721 -2726 -4029 -478 -737 -344 -225 -43 -263 -409 374 186 -310 -310 -453 -355 -2220 -670 -806 -493 -132 -638 -1169 -1100 -924 -1134 -1124 -1199 -874 -874 -1159 -1731 -1688 -1753 -1738 -1579 -1774 -1470 -2414 -2050 -2565 -2372 -1740 -1408 -2273
-1892 -648 -85 -85 -682 -1166 -1770 -915 -960 -2118 -1751 -1021 658 -569 90 -3041 -4757 -4666 -4184 -4184 -3850 -3693 -3501 -3304 -959 -825 -1370 -1673 -2043 -2271 -2375 -2343 -2230 -1886 -1947 -1659 -1659 -1947 -1243 -1880 -4596 -4380 -219 60 510 237 -596 -2965 -3720 -2929 -1284 -246 -246 -174 -1970 -1319 -339 -350 -315 -173 -651 -919 -650 -698 -809 -935 -814 -1600 -1600 -1716 -1864 -2123 -1492 -1299 -1577 -1781 -2131 -2100 -2196 -2400 -2618 -1919 -2551 -1465
-1362 -592 -815 -815 -494 -705 -1420 -1560 -810 -1182 -2487 -1249 251 -192 -6 -1372 -1327 -4574 -4579 -4579 -4070 -3698 -2489 -1767 -396 -665 -1012 -1597 -1869 -1596 -1679 -1874 -1866 -1895 -1358 -1284 -1284 -1523 -1803 -1416 -1307 -2338 -158 -163 -299 -1236 -3509 -4222 -4371 -4109 -3470 -1804 -1804 723 -44 -742 -8 16 196 -1399 -781 -666 -678 -699 -599 -774 -757 -1215 -1215 -1395 -1742 -2070 -1208 -1511 -2114 -2146 -2460 -2103 -2329 -1850 -2130 -2252 -1636 -934
-2018 -1548 -1889 -1889 -1192 -852 -912 -1034 254 580 -1776 -1778 -604 -392 -203 -640 -1831 -1953 -2053 -2053 -2036 -1547 -492 -85 -304 -569 -952 -1044 -1167 -1699 -2192 -1871 -2048 -2356 -703 -1476 -1476 -1925 -1552 -1578 -1420 -1248 -862 -549 -143 -1808 -3818 -3707 -3745 -3129 -3214 -2796 -2796 109 -1637 -2041 -2432 298 298 -8 71 -224 -259 -875 -503 -519 -558 -952 -952 -1072 -1279 -1370 -1224 -931 -1544 -2017 -2084 -2220 -2552 -2654 -2375 -1870 -1470 -641
-1149 -1279 -1298 -1298 -550 -393 -285 23 -318 -1346 -1206 -1202 -1417 -893 -1405 -2311 -2371 -1870 -1417 -1417 -1257 -547 -647 -306 197 -262 -688 -997 -1748 -2002 -1972 -2361 -2435 -2733 -1860 -1744 -1744 -1286 -1576 -1683 -1001 -2532 -1258 -1388 -3085 -3753 -4303 -4536 -4296 -3755 -1108 -111 -111 761 923 91 101 248 248 564 750 786 659 896 -273 771 693 891 891 786 217 708 722 -312 -869 -1315 -1488 -606 -1101 -1296 -1624 -1077 -1021 -658
-983 -1402 -860 -860 -144 -3297 -3030 -14 -375 -789 -1592 -1397 -1330 -1321 -838 -204 -850 -1866 -2266 -2266 -1250 -1828 -1929 -1214 -169 -1146 -1192 -1170 -1475 -1962 -1821 -2234 -2692 -2940 -1843 -1667 -1667 -1953 -2183 -1779 -555 -1719 -1441 -3098 -3859 -4083 -4196 -4128 -4713 -4250 -2942 -380 -380 320 -187 542 640 750 753 1030 1249 790 459 585 1014 1469 1682 1761 1761 1163 1161 900 -1183 -592 263 -457 -373 -287 -2218 -344 280 -2003 -2895 106
-668 -874 -235 -235 -693 -2874 -2688 -896 -978 -836 -943 -598 -1277 -1069 -673 -93 127 -296 -1663 -1663 -2572 -1739 -2016 -1701 -1020 -1886 -1974 -1807 -1562 -2058 -3685 -1424 -2666 -1898 -1918 -2179 -2179 -2280 -2380 -1953 -654 -514 -2107 -3774 -3500 -6418 -4647 -5050 -4814 -3682 -3861 -2740 -2740 213 362 802 1003 1256 -72 1731 617 504 1300 1214 1723 2003 1918 1619 1619 2134 1086 -185 -336 -713 1176 607 954 458 529 384 -123 -2295 -2255 265
-1507 -1375 -132 -132 -149 -680 -67 -262 -869 -1042 -852 -1162 -1533 -993 -527 -774 -595 -711 -1889 -1889 -2152 -1607 -1913 -1667 -1463 -1807 -2161 -1703 -1648 -3899 -4832 -1766 -2246 -1462 -2552 -2575 -2575 -2306 -1858 -1827 -1355 -576 -1996 -3499 -3390 -6998 -5109 -5272 -5191 -3034 -4008 -2990 -2990 580 797 504 753 940 1694 927 1060 892 1467 1826 2286 2133 2923 3169 3169 2477 1668 2023 911 2765 2358 1849 -127 -301 1058 1038 951 574 741 107
-1390 -1335 -407 -407 -323 -355 162 -532 -1954 -1589 -1123 -1156 -1042 -569 -918 -1049 -1295 -714 -945 -945 -2198 -2520 -616 -968 -1117 -1775 -1990 -2569 -2165 -2106 -1752 -1444 -4348 -1339 -1493 -1949 -1949 -1610 -1091 -1696 -1430 -648 -290 -2905 -3514 -4042 -5004 -5274 -4691 -3840 -3890 -1731 -1731 959 474 672 857 1085 2280 2270 2177 1485 3101 2794 2820 2815 2940 4523 4523 4388 3882 3762 1985 1758 1779 2568 1265 803 1946 1472 1115 1276 939 -96
-803 -485 -225 -225 77 24 -2237 -3802 -1650 -1939 -539 -806 -702 -704 -1041 -1173 -1119 -1312 -1221 -1221 -1461 -1124 -1237 -1005 -2267 -2248 -2476 -2758 -2077 -2543 -2477 -2286 -1799 -789 -1395 -1626 -1626 -2017 -1377 -1473 -1235 14 695 -1675 -3201 -3892 -3928 -3373 -3803 -3813 -3353 -113 -113 953 520 819 1344 1593 2892 3246 2368 2310 3096 3362 2914 3051 3624 4948 4948 5407 3740 1309 1347 790 -2083 -460 1885 2855 1877 1644 994 834 1368 1122
-2472 -2379 -18 -18 315 -2609 -2883 -4389 -3267 -3867 -1573 -118 -822 -782 -444 -703 -412 -562 -1182 -1182 -2111 -1501 -1042 -1036 -2304 -2381 -2492 -2269 -2095 -2492 -2011 -1642 -2914 -1707 -1842 -2007 -2007 -1919 -1202 -1537 -877 -472 398 1577 -345 -3291 -3923 -3881 -3619 -2151 95 734 734 2155 982 1630 1792 2387 2770 2981 2015 2328 2477 2862 3202 3564 3524 5395 5395 3540 1858 1168 1600 1760 -2099 853 1481 2446 2880 2106 1597 1450 1615 1941
-592 -566 287 287 15 -2366 -2669 -4026 -4010 -3732 -627 -682 -1258 -1414 -1298 -1131 -1554 -971 -986 -986 -1490 -1871 -2195 -2010 -2269 -2841 -2772 -2155 -1710 -1358 -1754 -2601 -1514 -2496 -1614 -1354 -1354 -1103 -567 -518 -175 -885 -1320 -372 312 857 1034 1120 1517 974 1195 -168 -168 -848 1573 2572 2087 2481 2554 3295 2848 2810 2660 3297 4532 1399 5062 5048 5048 2758 1624 1132 922 1245 1262 1678 548 3144 4602 3074 3636 2651 3720 3179
-1165 -1311 -518 -518 44 354 -1773 -2615 -1414 -1987 -458 -866 -1132 -1452 -1105 -1264 -1230 -946 -437 -437 -1276 -1985 -2494 -1808 -2064 -1933 -2597 -2512 -2317 -2031 -2345 -1662 -1009 -1019 -997 -210 -210 -945 -749 -1128 -781 -369 -1014 -723 158 697 1017 740 810 599 1056 -29 -29 -961 2585 2420 2347 2676 3681 358 1451 3886 2915 3686 4917 3603 4037 5732 5732 4731 2263 1425 1315 1588 1419 1509 2001 4124 4322 2057 3884 4078 3589 2895
-915 -887 -821 -821 -533 574 197 -34 -1769 -2288 -319 -590 -1303 -1360 -1099 -1508 -1213 -788 709 709 -523 -1767 -2108 -2011 -2232 -2651 -2104 -2056 -2263 -2092 -1119 -2007 -1150 -78 -395 -63 -63 77 -1032 -1426 -775 -544 605 141 775 979 638 546 1004 618 772 1691 1691 2382 2372 2055 2463 2800 1995 492 611 2364 3486 3513 3884 3420 5357 5256 5256 5312 3633 2896 2101 1827 1668 1869 2848 3912 4689 4334 3212 4108 4560 3443
-1675 -832 -358 -358 -1290 -635 -330 -598 -995 -222 -71 -833 -999 -2012 -1335 -1123 -828 -1991 -2786 -2786 -2146 -1274 -1784 -1917 -2434 -2404 -2454 -2095 -1752 -1332 -445 -1924 -380 -199 148 -5 -5 -153 -306 -745 -945 -546 -148 334 586 523 958 523 969 996 1389 1361 1361 1492 1748 1607 1903 2416 3111 690 628 4228 3971 3779 4076 4318 3673 5608 5608 4490 5163 5287 3993 3737 4512 4406 4700 3755 3592 5431 1412 1761 2598 3435
-677 -556 -337 -337 -376 -956 -256 -364 -237 -428 -229 -688 -1088 -1206 -1232 -1005 -2091 -3210 -2888 -2888 -3186 -1316 -2146 -2010 -2145 -2319 -2096 -2035 -1592 -571 -257 883 298 816 928 92 92 304 -305 -415 -674 -1012 -276 68 307 616 1315 1198 1129 1223 1430 1637 1637 1694 1135 1623 2133 3013 3058 4152 3956 3947 3586 3731 3763 4086 4463 4771 4771 4667 4584 5350 5026 5808 5364 5419 5183 4798 4779 4734 2584 1941 4006 3269
-975 -1000 -1187 -1187 -705 -1429 -733 -599 -946 -287 50 -493 -480 -471 -346 -302 -1134 -2981 -3251 -3251 -3276 -1728 -1153 -1579 -1707 -2083 -1710 -1011 -208 -44 -241 -1345 471 -2136 -2015 -1988 -1988 -1285 -92 -274 1 -622 -372 -431 408 -593 1456 1742 1339 1332 1146 1186 1186 1214 1466 1713 2753 268 709 3411 3159 3275 3633 3763 3800 3591 4877 2639 2639 4221 4500 4730 4885 5638 5084 4579 4517 4605 4653 4288 3920 3800 3294 2950
-1095 -1177 -1337 -1337 -215 -1430 -797 -916 -1245 -445 -1549 -1294 -575 -724 -635 -89 -167 530 -573 -573 -764 -1012 -1618 -1440 -1293 -1737 -1165 380 662 906 786 -62 -888 -2210 -1577 -1896 -1896 -2481 210 -79 -51 -134 -209 -43 592 -1596 -591 1529 1537 806 862 1259 1259 1526 1873 1971 1986 3201 3852 3498 3559 3714 4078 2752 3766 3904 4660 4641 4641 5032 4469 3729 4647 4690 4474 4825 4682 5049 5057 4352 4549 3391 2732 1717
-1257 -1122 -1824 -1824 -719 542 -1119 -1687 -1218 -202 -813 -1393 -962 -1314 -1043 -36 197 841 -784 -784 -446 -539 -1398 -1103 -1431 -1323 -456 306 -1333 864 -34 235 -1717 -2074 -1840 -2042 -2042 -2225 634 782 351 354 458 273 830 972 1114 1363 1466 859 881 1287 1287 1921 2516 1279 2876 2866 2924 2827 3306 2556 2590 3647 3811 4101 4038 4458 4458 4033 4265 4304 4140 5144 5251 4691 4477 4690 3285 3545 4254 3410 2004 -1152
-1281 -1002 -771 -771 -1087 -748 -811 -846 -677 -474 -640 -511 -676 -1393 -676 161 683 68 -778 -778 -245 -6 -1213 -1064 -1154 -1396 -595 475 1091 428 -825 256 1268 -789 -1324 -1351 -1351 -231 329 622 315 358 275 588 501 716 1438 1489 1804 1358 1138 1683 1683 2019 2734 3224 3552 2829 3304 3509 3595 3676 3765 3697 3716 3788 3852 4030 4030 4153 4494 4888 4240 4379 4741 4953 4462 3866 4181 4200 2364 1316 -1063 -1462
-1035 -1905 -1537 -1537 -1975 -1065 -197 -368 -551 -463 144 -99 -569 -180 -302 666 1054 616 203 203 65 110 -817 -820 -728 -1477 -2227 162 1541 -203 -169 666 828 1369 298 707 707 1529 171 711 469 382 715 776 526 1096 1084 1380 1873 1328 1441 968 968 2199 2946 3208 2979 984 887 3768 4082 3467 3376 3640 3559 3630 3595 3942 3942 4508 4611 3671 4110 4466 4586 4660 4686 4603 4763 4412 1475 -111 -1603 -1933
-3819 -1620 -2031 -2031 -1581 -1686 -1293 -248 -376 -18 86 71 -21 411 454 461 1023 897 80 80 27 -328 -855 -861 -615 -2780 -2393 -1778 -214 -302 -6 468 402 570 1030 1310 1310 1573 1054 1558 943 594 372 1512 761 1232 1920 2126 2171 1663 1480 1660 1660 1949 2840 149 1259 316 268 801 4078 3433 3218 3164 3325 3603 3969 4069 4069 4017 4325 4255 4016 4281 5192 4950 5317 5851 4570 5156 4357 109 -1627 -2000
-697 -1464 -1813 -1813 -2107 -1947 -1744 -358 266 359 185 300 -93 -238 1235 658 -521 320 101 101 -48 -100 -699 -686 128 -793 -1854 -1890 191 -74 -303 10 333 593 809 1293 1293 1733 1342 881 -843 -966 327 1760 1961 1321 771 2347 1534 1335 1649 1775 1775 2698 2988 1356 516 157 -76 89 3773 3764 3118 3332 3608 3324 3931 3638 3638 4029 4752 4784 4944 3935 4298 2803 2952 5388 3890 4216 3516 1575 -1834 -1784
-1212 -2217 -1655 -1655 -1999 -1876 -926 519 625 -1263 -214 296 -412 -205 430 -798 -879 -987 -142 -142 137 -505 -896 -186 210 -1043 -1214 -773 316 -74 -181 121 590 845 1113 1491 1491 -867 -2201 -1092 -1309 -1551 -1477 477 -2425 -2081 1498 2144 1492 1381 1619 1651 1651 2255 2792 1973 406 194 -114 277 4006 3746 3067 2818 2831 3031 3536 3441 3441 4173 4307 4036 4644 4277 2246 1564 1632 2303 2473 2288 3683 2854 -1646 -1575
-3598 -3744 -1636 -1636 -1572 -1159 -339 977 830 -1941 -909 -3143 -677 -293 43 -1089 -849 -1142 -954 -954 -480 -381 -422 -35 221 -765 -732 -1166 613 -22 -240 252 -77 -359 1255 1120 1120 -252 -2099 -522 -1255 -1113 -1105 -595 -2456 -1747 1167 1524 1285 1345 1421 1569 1569 1901 2183 3001 2399 619 904 3332 4042 3001 2744 2869 3243 2909 2986 3609 3609 3330 3468 3368 3098 1936 1198 1239 1209 -1308 -799 1169 2517 3076 1328 -802
-1309 -2314 -204 -204 84 1008 177 197 191 -3104 -3447 -3285 -2945 -2652 301 -705 -466 -1117 -1323 -1323 -389 -354 -316 -32 -2784 -1848 255 -118 511 565 359 732 745 -2182 -3122 -233 -233 230 -816 -1278 -1896 -1958 -1680 -1266 543 1991 1710 1609 1512 1479 1291 1992 1992 1951 1949 2114 2740 2537 2621 2492 2883 3006 3311 3063 2946 3449 3673 3284 3284 3571 4953 4738 2927 1489 1389 35 -394 299 -70 -346 295 1222 3419 3442
1562 1314 1999 1999 676 579 -2471 352 373 1265 -3384 -3123 -2922 -2717 76 -382 -657 -290 -60 -60 -482 -254 -562 142 -3938 -42 -232 -362 -142 229 201 977 -2818 -2298 -2443 -2543 -2543 1201 -1985 -1885 -1624 -1845 -1824 -1151 356 2138 1427 1391 1092 780 992 -123 -123 827 1885 2070 2258 3038 2928 3161 3401 3110 3404 3576 3583 3785 3554 3508 3508 3426 4402 4930 2426 1607 447 -63 -480 -339 -384 -131 56 667 2269 2928
742 1721 734 734 -101 -702 -65 -535 -184 337 -884 -2579 -3023 -1173 513 734 816 226 124 124 -305 -596 -411 -41 495 327 68 -139 -78 195 158 656 853 -1900 -2281 -564 -564 544 987 -569 -1897 -1540 -1181 212 1509 679 898 780 635 915 -801 152 152 31 1594 2413 2600 2617 2322 3616 1415 1086 1032 2605 3916 3454 3528 3890 3890 4046 4266 4848 2373 1901 1183 -105 -317 -510 -443 -255 1117 1059 2401 2986
396 645 -594 -594 -1293 -1676 -658 9 -792 -943 -4 1267 687 109 -29 56 555 217 -910 -910 -262 6 -339 -394 -546 -1940 -1546 -326 -83 -94 256 476 498 685 -165 377 377 -163 -7 1804 871 787 1142 966 763 449 472 355 843 1291 255 548 548 1293 3392 3171 3124 3119 3758 3555 -1541 1128 1066 784 3596 3871 3358 3493 3493 2136 5022 5177 4771 2457 1446 1315 286 -24 -257 733 985 2161 2553 2726
