hypsometry_terrestrial_planets_input/topography/mercury.mla.cea.asc
ncols        767
nrows        244
xllcorner    -7664543.596962999552
yllcorner    -2436433.803696867079
cellsize     19984.154933183883
[rows 74 to 110 of 244, columns 252 to 335 of 767]
867 867 856 793 323 553 97 186 233 183 -276 -165 -426 -236 193 711 661 661 293 -922 -1122 -603 -459 -2017 -1858 -52 -704 -316 -912 -651 -579 -858 -438 -438 -229 13 -27 512 1090 737 1437 1732 1983 2443 2292 2748 2178 3343 2413 1705 1705 855 1485 3909 3993 4125 1978 3306 2941 2253 2160 2588 2827 510 478 942 942 1436 539 590 333 318 1179 368 1312 1535 1675 1580 1726 973 -1387 -1376 -1376 -1477
1338 1338 779 605 251 291 -118 -165 89 123 143 -2 -76 -75 1265 -2615 -2906 -2906 752 232 -779 -761 -1025 -708 274 -688 -996 -1027 -995 -634 -859 -155 -255 -255 -436 -285 -667 -483 678 1310 1139 1416 1660 2398 2101 2169 2603 3490 2910 2269 2269 2109 2678 3585 3963 3574 4518 3571 2823 2466 2144 2409 2709 -206 1133 1255 1255 1846 1772 1052 187 329 638 1543 1611 1572 2569 2571 2166 3291 1870 -542 -542 262
-780 -780 637 398 314 -343 494 463 211 -76 362 358 719 773 706 -1967 -1949 -1949 -539 -2392 67 -1385 -165 -677 -1020 -1205 -481 -2414 -908 -412 -402 -930 -610 -610 -820 -922 -948 -673 -318 436 1269 1322 1689 1496 2060 2446 2936 1867 2596 2761 2761 3680 3179 2962 3569 3330 3242 2715 3001 1572 1812 1860 2397 2529 2084 2680 2680 1913 2103 1144 507 387 720 1501 1539 3026 3562 3845 3118 2858 2855 3499 3499 3465
504 504 448 203 571 770 316 -442 674 -99 852 617 478 771 521 810 574 574 602 905 213 163 -1757 -1516 -517 -726 193 -2642 -892 -272 -13 350 -172 -172 -647 -534 -999 -574 -463 -183 396 1514 1668 2009 1876 2710 2637 1760 2849 2870 2870 2894 2806 3178 2950 3565 3228 2926 2886 2482 1794 1858 1864 2167 2237 2731 2731 1906 1790 1081 1064 634 1007 1512 2119 2570 2925 3062 1911 2379 2613 2791 2791 3360
187 187 -1489 -3958 -4174 -835 -68 -250 -111 228 154 656 925 1556 1515 1174 554 554 514 438 836 585 196 246 -394 -559 61 -407 -3494 -3760 -3823 -3511 -1283 -1283 -373 -430 -1356 -1390 -828 -761 -29 632 1017 1498 -738 2347 2523 2322 2756 2847 2847 3067 2619 2824 2574 3315 3409 3237 3064 2492 2009 2107 2567 2102 2117 2184 2184 2007 1650 1377 1341 1067 1295 1370 2157 1088 2326 3095 2748 2518 2275 2531 2531 4024
214 214 -249 -3817 -3328 121 -376 -417 186 243 338 600 1288 914 1726 -1562 -2623 -2623 -3340 -2857 -1298 776 317 -631 -508 -433 -1351 -2818 -3536 -4272 -3918 -4131 -3831 -3831 -985 -1246 -1473 -1436 -1513 -838 -153 153 966 2277 733 2687 2405 2303 3181 3139 3139 3133 2691 2307 2280 2899 3324 2980 2513 2300 2380 2382 2282 2070 2640 2041 2041 2064 1939 1567 1704 1529 1482 1676 1884 1276 2452 3365 4381 4301 2859 2777 2777 3504
-121 -121 35 -545 508 -385 -288 -431 41 782 727 1161 1451 2670 -976 -3989 -4056 -4056 -3812 -4001 -3988 -1438 497 -87 -24 -61 -604 -3531 -3714 -4029 -4158 -4598 -4353 -4353 -1438 -1387 -1749 -1230 -1412 -1195 -1283 -192 42 1368 2128 1594 1694 2031 2411 3072 3072 2831 3091 2644 2628 2927 2384 2646 2444 2008 1924 2271 2359 2344 1899 1932 1932 2102 1587 1546 1535 1654 1692 1840 1939 2001 2423 3656 4179 3943 3460 2790 2790 3222
-892 -892 -1049 -624 -835 -803 -516 -571 148 281 712 1602 1463 1007 -2582 -4050 -4315 -4315 -4900 -4358 -4193 -2862 1203 223 -145 -66 -1479 -3073 -3551 -4004 -4455 -4333 -4148 -4148 -932 -1811 -1754 -2329 -1380 -1443 -1704 -900 -447 822 1309 1294 1428 1904 1947 2799 2799 3269 3669 3284 2663 3009 2479 3221 2408 2318 2165 2414 2538 2409 2036 2295 2295 2753 1645 2173 1962 2147 2263 2046 2274 2171 2210 2826 4023 3197 3213 3119 3119 3292
-1190 -1190 -1369 -1069 -847 -795 -788 -875 -292 -70 -163 484 2189 2835 -3324 -4011 -4352 -4352 -4469 -4178 -3993 -3326 104 864 426 341 -82 -2325 -3004 -3599 -3858 -3674 -2715 -2715 -725 -1886 -3824 -2050 -2132 -2132 -1369 -1418 -771 -167 1779 1141 979 1940 1882 2359 2359 3481 2797 2877 3185 3670 3127 3413 2911 2842 2954 2842 2530 2460 2132 3090 3090 2624 2124 2323 2840 2378 2359 2416 2465 2135 2659 2994 3643 2930 2720 3162 3162 3324
-1068 -1068 -1478 -1285 -1247 -766 -592 -712 -303 49 313 460 2337 2479 -2017 -4030 -4275 -4275 -4364 -4164 -3772 -2072 1124 954 859 523 -271 785 516 -3168 -756 -509 125 125 -1173 -1296 -1417 -1955 -2193 -1460 -1439 -1833 -1350 -97 824 1724 694 1433 2291 2868 2868 3114 3080 2431 1218 1549 1952 3808 3075 3052 3296 3041 2745 2794 2900 2790 2790 2699 2752 2674 3052 2485 2474 2486 2061 3216 3243 2686 4002 3614 2983 3035 3035 2992
-1284 -1284 -1391 -1156 -820 -1030 -776 -539 -169 571 878 773 2629 1850 -721 -3186 -3581 -3581 -3915 -3669 -2742 -827 1117 1327 -817 -845 -1441 -948 1297 1138 1337 30 -951 -951 -1134 -1365 -1707 -2054 -2298 -2006 -2043 -2236 -1789 -477 896 1488 1248 1341 2371 3093 3093 4133 4192 973 1394 974 993 1451 3597 3589 3606 3408 3394 3181 3296 3769 3769 3561 3134 3197 3437 3081 2678 3004 2219 3312 2877 2878 3444 3730 3126 3051 3051 2657
89 89 -1094 -1404 -786 -2271 -598 -513 441 1629 1382 1410 2147 2522 1781 -1081 -1643 -1643 -3479 -1922 -10 771 1297 444 -166 -2011 -1603 -1758 -10 1160 1299 -273 -113 -113 -793 -1517 -1452 -1707 -2564 -2599 -2070 -1902 -1668 -560 977 1189 927 1034 2221 2610 2610 607 2488 2088 1399 976 855 1360 4146 3871 3861 3524 3269 3313 3200 3444 3444 3131 2505 3639 3571 2912 2615 3351 2840 3585 3133 3060 3457 3379 3376 3908 3908 3998
-1519 -1519 -840 -959 -263 -790 145 921 1404 1761 2216 1933 2008 2402 2291 1722 1338 1338 1281 1828 1311 1072 1848 -53 -691 -4715 -5248 -5354 -4833 -2277 309 -1508 655 655 -693 -1175 -1002 -1620 -2226 -1559 -2112 -2757 -1433 -656 517 1128 1000 1504 2313 2535 2535 3545 3491 1903 1884 1512 1438 2493 4632 3987 4271 3409 3707 3371 2255 1791 1791 3029 3795 4164 4136 2847 2797 2923 2422 3967 3216 2605 3055 3569 4064 4226 4226 4151
-118 -118 -419 -403 -37 113 311 795 697 377 1751 2839 3277 1850 1375 1726 2547 2547 2077 552 896 845 1218 328 -3793 -5314 -5594 -5606 -5463 -5415 -3209 -3578 -2190 -2190 -305 -1107 -1241 -1383 -1201 -1800 -2254 -1956 -1355 -533 308 953 1396 1606 3127 2193 2193 3034 3255 1732 1829 1862 3312 4603 4776 4030 3273 2804 3125 1555 772 2119 2119 2695 2076 2925 3174 2163 2410 2043 1924 2546 3679 2316 3362 2957 3638 3849 3849 4191
-198 -198 225 -215 183 249 1029 -27 -2517 -2185 -1447 686 1303 2404 2737 2419 2740 2740 2437 308 596 1279 2242 -370 -4904 -5431 -5624 -5893 -5882 -5434 -3323 -2426 88 88 -591 -954 -1251 -983 -1760 -2333 -1018 -1671 -1131 -747 169 919 1235 526 -1274 -79 -79 1610 3074 3017 2969 4160 4408 4891 4660 3204 3151 2872 3058 1406 1589 1331 1331 2662 1777 2349 3327 2816 2721 2310 2355 1946 3815 3221 2978 3005 3238 3809 3809 1919
-621 -621 313 255 807 1168 1638 -1761 -2444 -1551 -1806 -1112 336 2156 2862 3114 3026 3026 2710 2020 1806 1885 2972 -718 -5125 -5525 -5638 -6053 -5914 -5746 -3531 -1348 449 449 16 -918 -987 -819 -663 -859 -1354 -1127 -1802 -1454 -1506 489 957 1882 1352 1262 1262 1236 1800 2105 2141 3435 2624 3074 2867 2393 2363 3046 3282 1509 1844 2040 2040 2560 1592 2701 3618 3244 3039 2594 2345 3410 3554 3732 3030 2954 3194 3733 3733 2927
-2170 -2170 425 2155 1625 1375 844 -807 -1798 -855 383 1666 1428 2751 2924 3228 2691 2691 1504 2509 2918 1164 853 -629 -4504 -5274 -5711 -5718 -5627 -5653 -3610 -1208 179 179 -267 -248 -442 -14 -159 -242 -572 -804 -1210 -1138 -1171 -669 735 986 887 624 624 697 1311 2335 2128 2257 2436 2147 1641 1711 1867 2403 3212 2116 2105 3941 3941 2473 1738 4179 3618 3400 3335 2095 1766 3698 3553 3512 2858 2343 2665 3128 3128 3388
-2170 -2170 425 2155 1625 1375 844 -807 -1798 -855 383 1666 1428 2751 2924 3228 2691 2691 1504 2509 2918 1164 853 -629 -4504 -5274 -5711 -5718 -5627 -5653 -3610 -1208 179 179 -267 -248 -442 -14 -159 -242 -572 -804 -1210 -1138 -1171 -669 735 986 887 624 624 697 1311 2335 2128 2257 2436 2147 1641 1711 1867 2403 3212 2116 2105 3941 3941 2473 1738 4179 3618 3400 3335 2095 1766 3698 3553 3512 2858 2343 2665 3128 3128 3388
-932 -932 -903 484 1712 1400 2716 1107 -171 1301 2030 1574 3644 3345 2179 1582 -293 -293 119 675 567 -1043 -1073 420 -2531 -4848 -5334 -5524 -5434 -4240 -1301 -1136 522 522 813 257 -16 -378 221 205 90 -46 -1215 -1420 -1055 470 796 410 358 229 229 191 716 1431 1809 1607 1870 1962 2220 2032 1966 2089 2502 3118 3617 2782 2782 2978 3155 4022 4074 4002 4316 2480 1862 2365 3322 3279 3309 2824 3442 3708 3708 3642
430 430 2237 1857 1403 1528 2243 2184 1704 -861 -2204 -2455 -2495 2948 2830 -201 -1144 -1144 -73 801 -1671 -1327 -1591 -917 -176 -1226 -3808 -3998 -3844 -1062 -893 619 1070 1070 750 1049 424 364 551 616 1148 301 479 1110 1407 889 229 159 258 306 306 377 483 475 535 597 811 1022 2496 1506 1749 1864 2574 3138 3224 1266 1266 2001 2305 5424 5517 3199 1856 2201 2125 3627 4052 3564 3294 3589 4186 4746 4746 4655
2111 2111 1844 1534 1356 1105 2234 1836 -2042 -2350 -2607 -2617 -2503 -69 2874 -226 -317 -317 -175 -270 -1730 -1982 -2613 -940 1846 1653 2219 2218 440 1004 1192 1103 1597 1597 743 -1139 -1858 -1906 -1557 -457 -2006 486 130 -1419 956 785 340 -166 100 175 175 332 358 563 385 590 796 1606 1815 1197 1316 2142 1837 2858 3421 1009 1009 1560 3201 4933 5136 3361 3025 2944 2719 3021 4017 3754 3320 3544 4904 5006 5006 4707
1206 1206 1726 1471 1321 985 1418 -1636 -2153 -2561 -2753 -2661 -2794 -544 2032 1115 423 423 329 -273 1088 -1325 -853 923 2922 2492 2080 1951 2041 1383 1547 -459 2551 2551 -808 -2118 -3195 -2660 -1659 -3305 -2797 -2094 1875 -1358 1352 1158 188 -176 -267 -260 -260 -10 562 629 1551 1877 1363 1777 2184 2093 1896 2062 2281 2726 3006 3198 3198 3008 3072 3808 3339 2347 3191 3171 2783 2366 2308 3615 3371 3604 5009 4319 4319 4829
779 779 1571 419 1798 1017 527 -111 -2308 -2600 -2898 -2752 -2549 -2215 1188 3672 109 109 -1916 -971 2902 2650 1813 1240 1366 1745 2623 2144 2051 1153 2162 2832 2645 2645 -1919 -2688 -2431 -2658 -2341 -2181 -3394 -570 873 619 773 -325 -237 -59 -412 -420 -420 15 437 489 1072 -981 747 2316 2211 2112 1839 1225 1895 2186 2032 2228 2228 2539 3342 1720 1869 2179 1542 1856 3657 2704 3001 4242 3324 3211 2415 2223 2223 1442
1266 1266 -291 -2079 490 656 592 392 -1889 -2540 -2619 -2532 -2571 -565 991 2955 241 241 -2398 -2212 2204 719 497 429 -1788 895 1942 -669 -1852 -1641 -1006 2215 1440 1440 -2355 -3271 -3591 -3650 -3148 -1518 -1561 -1654 -46 148 182 765 -1407 -142 -289 -104 -104 -116 -69 770 1624 2783 3796 1965 1819 1736 1035 899 2067 1889 1574 1679 1679 2081 1544 1525 1940 2524 3029 2999 2803 3565 3791 4323 3670 4167 2834 2539 2539 2814
85 85 574 -220 929 154 303 938 506 -1578 -2408 -1937 -151 601 1475 2767 3345 3345 972 1242 285 129 -249 32 656 1253 -368 -2428 -2277 -2319 -2398 809 1412 1412 -2568 -3464 -3763 -3660 -3609 -2821 -2479 -2126 -897 47 -59 290 136 81 -297 -50 -50 -63 91 1285 1086 2473 2829 1578 1658 1312 790 1875 2038 1699 1760 1743 1743 2517 1507 1398 1921 2337 2940 2923 2745 2958 2897 2916 3704 3548 4269 4418 4418 5095
-1564 -1564 -1965 717 966 311 170 849 1155 1147 1567 1912 2387 2622 3004 2564 1452 1452 946 -89 334 148 -400 90 811 1019 -1468 -1843 -2285 -2087 -1155 635 1601 1601 -2217 -3170 -3647 -3744 -3211 -1788 -2667 -1715 -477 -63 -15 -1691 -1173 209 34 -24 -24 263 537 1840 764 1599 3046 2668 1957 1577 1800 2911 1708 2289 2463 2666 2666 1539 2561 2060 2180 2388 3246 1963 2867 2775 3447 2962 2896 2989 3347 3837 3837 5130
-836 -836 -924 -1053 -283 -20 -292 440 688 1409 1516 2298 2276 2966 3192 2357 1080 1080 229 98 1145 836 1004 1156 1419 906 -1214 -2173 -1754 -2041 -2208 55 1949 1949 -357 -1220 -1476 -3072 -2602 -4194 -1898 -208 4 -1678 8 167 -360 153 -1057 -244 -244 75 695 1291 2618 1929 -827 139 3094 2743 2022 1911 1769 1791 587 123 123 571 2641 2717 1931 2678 2775 3198 3307 2685 3452 3002 2587 2611 3513 3821 3821 4161
-1218 -1218 -1511 -1710 -1355 -786 -453 -305 -74 718 846 1196 2220 1987 120 3111 1599 1599 770 1517 1306 793 -701 433 1525 1946 260 -1515 -1401 -1588 -2188 77 2127 2127 1656 -2107 -1706 -1648 -1664 -2617 -345 724 -607 -3084 -2393 671 373 634 -926 -390 -390 233 726 1343 2496 -812 -1884 -1237 453 2741 1751 2007 1849 2652 210 2730 2730 2475 2855 2779 1400 3669 3002 3416 3722 3669 3480 3231 2824 2760 3308 4077 4077 4427
-1250 -1250 -1613 -1175 -39 -3 -569 -500 -332 60 -156 675 1672 321 -205 1329 -406 -406 1404 1165 -786 -2617 -2694 -2235 -2121 1353 1611 -8 -1272 -2053 -1756 381 713 713 1878 -3067 -3498 -1412 -1365 249 869 36 -856 -2501 -2401 122 70 -80 -385 -393 -393 -152 430 1085 2075 -1859 -2401 -1433 1741 2471 2024 2199 2483 2628 461 897 897 2187 2471 2628 2682 3585 2918 3867 3740 2165 1797 3168 2861 2894 3380 4199 4199 4165
-188 -188 187 329 83 -498 -733 -636 -129 -293 930 1514 84 401 1188 112 -1258 -1258 1045 685 -2513 -2720 -2787 -2528 -2827 -1671 1100 1737 1210 990 675 234 -743 -743 1076 -2288 -3040 339 816 -727 -1164 -881 148 -287 -645 -621 -442 -240 -71 -424 -424 -54 707 863 1669 774 -317 193 2743 1837 2361 2014 2657 2650 412 583 583 1927 2714 2873 3307 2387 2250 2847 4118 1666 1970 3384 3173 2929 3158 938 938 1217
1624 1624 -678 -1955 557 -755 -694 -831 -189 -191 563 -640 -1075 -916 121 1526 1914 1914 2293 -468 -2359 -2243 -2634 -2775 -2465 -1800 664 1848 1579 701 55 -975 -1423 -1423 -573 882 -148 -1010 276 186 -1693 -1293 -930 -1592 -1182 -1007 -1495 -1491 -464 -428 -428 35 130 497 230 1490 2567 2083 1699 1936 2881 2571 1445 332 108 215 215 955 3172 3977 3912 3128 2527 2753 3274 3235 3449 3277 2677 2862 2837 2923 2923 3669
975 975 -1965 -2025 1081 48 434 -15 131 137 546 -1044 -1022 -499 -674 416 1862 1862 2220 -1176 -2099 -1990 -2933 -2375 -2323 -3759 -724 1318 1204 284 -441 -1438 -1535 -1535 -1417 -1912 -4001 -4110 -4170 -1554 -1274 -1457 -2132 -1027 -1405 -879 -1513 -1861 -1039 -207 -207 -277 -37 352 707 1172 1475 1380 1943 2720 3064 2157 538 -84 157 774 774 1161 1828 3404 3219 3223 2302 2010 3008 3329 3220 2800 2709 2266 3496 3695 3695 3566
759 759 788 385 502 -658 -73 353 758 901 920 -336 -971 -969 -548 -761 1429 1429 1806 1179 -2142 -2439 -2148 -2407 -2923 -2051 320 1845 631 -828 -857 -1557 -1192 -1192 -1317 -1180 -4020 -4396 -2170 -966 -1667 -2068 -1400 -1409 -1326 -1657 -1852 -1711 -1069 -320 -320 14 -19 563 1598 1365 1932 1416 2704 3236 1984 645 107 282 742 968 968 -410 -298 531 2569 3607 3232 2201 2395 3012 2544 2492 2916 3117 3634 3697 3697 2965
431 431 378 -723 -2036 -2390 -2026 -387 -245 635 2096 -2317 -1816 -950 -1183 -926 -153 -153 1664 1742 -1183 -2110 -2566 -2736 -2161 -1211 2323 2079 257 -1043 -1473 -1736 -1915 -1915 -2200 -1317 -693 -1879 -1140 -1966 -1713 -1898 -1880 -2053 -1095 -1652 -1799 -1498 -1031 402 402 323 -229 730 1946 2715 -308 357 641 3305 847 115 -164 598 882 1063 1063 -1870 -1200 -149 3420 5293 3408 2790 2744 2915 2661 2877 2826 2815 2695 4373 4373 2665
-459 -459 70 -2224 -2856 -2607 -2358 -1268 -3721 -3749 -746 -547 251 -4 359 486 16 16 931 2174 1907 539 38 -1771 -142 722 260 834 216 -418 -1308 -1448 -2010 -2010 -2014 -1681 -1387 -1781 -1800 -1886 -2062 -2021 -2215 -2229 -1916 -1782 -1978 -1129 -696 162 162 1167 1595 2271 3100 2291 106 21 190 3245 1009 544 179 860 1040 1456 1456 -1809 -1468 -1249 5601 5401 4022 2963 3089 3563 3378 2728 2980 119 1649 302 302 3456
-215 -215 136 -2455 -2476 -2458 -2213 -1875 -3830 -3693 -1697 294 94 533 -2065 -1158 810 810 1141 1680 2772 812 1197 1023 1518 1003 -338 498 91 -97 -899 -1326 -1867 -1867 -1525 -1800 -1926 -1895 -1680 -1726 -2084 -2455 -2174 -2118 -1648 -1409 -1383 -551 753 -852 -852 -2389 -60 2309 524 837 1081 1004 383 3108 2574 1606 1405 1505 1693 2103 2103 1541 -1300 768 5715 4538 3820 3400 3278 3723 1502 1617 3541 3540 1257 4476 4476 4473
1091 1091 1286 -505 -2513 -2682 -2257 -1398 -2168 -1682 1236 -1812 -2449 -1649 -3048 -2939 700 700 1180 1557 1692 1489 2714 1908 569 134 -83 -426 -307 -212 -438 -1269 -1608 -1608 -1981 -1968 -2072 -1727 -2145 -2591 -2744 -2578 -2116 -1062 -846 -1456 -1073 -472 -444 -2486 -2486 -1784 -2005 69 512 1250 2653 287 1505 2349 3745 2371 2333 1590 1612 1829 1829 2798 3338 5572 6003 5498 3915 3449 3916 2795 539 621 977 4556 4184 3727 3727 2699
