hypsometry_terrestrial_planets_input/topography/mercury.mla.cea.asc
ncols        767
nrows        244
xllcorner    -7664543.596962999552
yllcorner    -2436433.803696867079
cellsize     19984.154933183883
[rows 185 to 221 of 244, columns 168 to 251 of 767]
-629 -1432 -445 -445 -109 -520 -739 -934 -571 -707 -1096 -1297 -1711 -1774 -1807 -1876 -1314 -1316 -2169 -2169 -2199 -2537 -2080 -2178 -2170 -2676 -2758 -2327 -4245 -3502 -1822 -2719 -2286 -2108 -2470 -2377 -2377 -558 -1146 -1916 -639 -794 -1651 -1623 -1707 -1394 -1342 -1485 -1040 -282 -527 -991 -991 -423 -341 105 353 609 972 2460 2124 1412 1067 1603 1426 1776 2530 1770 1770 1190 928 379 -88 -434 730 639 -699 62 723 -2761 -3572 -3506 -3465 -3222
-1413 -1215 -1314 -1314 -345 -646 -335 -475 -740 -1031 -943 -1368 -1632 -2073 -1917 -1680 -1177 -883 -2301 -2301 -2435 -1867 -2239 -2378 -2313 -2660 -2889 -2601 -1902 -2807 -3051 -2683 -2801 -2854 -2494 -2218 -2218 -1972 -297 -973 -1557 -2226 -1316 -1448 -1675 -1334 -1354 -1325 -756 -872 -134 -431 -431 -796 -734 -423 -264 -218 312 77 108 309 531 347 700 617 1557 1019 1019 1043 238 38 -654 -530 213 222 -887 273 173 -3051 -3326 -3301 -3553 -3437
-915 -1047 -507 -507 -735 -630 -749 -518 -914 -1010 -1080 -1623 -1681 -1971 -2048 -1912 -1778 -1020 -1873 -1873 -2265 -2383 -2194 -2629 -3149 -2234 -2867 -2962 -2450 -2710 -3092 -3111 -2938 -2823 -2418 -1357 -1357 -1845 -1402 -1274 -495 -265 -1458 -1077 -822 -782 -600 -822 -1268 -1231 -1114 -1352 -1352 -584 -503 -79 -144 367 34 -42 -527 -875 171 -273 -113 -179 788 37 37 416 -46 -531 -281 -545 417 634 -760 -83 1192 -1640 -3316 -3538 -3407 -3298
-537 -657 -943 -943 -1035 -404 -535 -923 -1152 -1171 -1012 -1264 -1524 -1781 -1913 -1981 -1512 -1521 -1328 -1328 -2014 -2124 -2038 -1767 -2030 -2407 -2813 -2699 -2885 -3088 -3150 -3058 -3066 -3403 -2645 -2542 -2542 -2154 -1349 -1885 -1354 -783 -748 -535 71 -3346 -3485 -1387 -407 -1419 -1505 -1390 -1390 -1339 -1027 -1303 -1181 -1460 -1092 -905 -210 -353 -469 -145 -69 -225 -108 -3767 -3767 -1747 -374 -668 -4071 -961 -448 195 859 811 1192 1301 -532 -2826 -2369 -569
-73 -850 -255 -255 923 169 -105 -468 -612 -807 -1099 -922 -1199 -1618 -1653 -1760 -1847 -1801 -1531 -1531 -1310 -1836 -1980 -1814 -2108 -2659 -2923 -2833 -2741 -2609 -2500 -2881 -2837 -2630 -1950 -1584 -1584 -2536 -2285 -1187 -1199 -1565 -616 195 463 -543 -2273 460 1245 -1399 -1658 -1065 -1065 -623 -1281 -1505 -1310 -1077 -1047 -1300 -1004 -294 169 74 -2074 -3131 -126 -846 -846 -980 -1219 -1275 -1435 -952 -385 -615 -159 37 555 935 2226 2561 2619 1835
-166 -249 17 17 784 1151 -5 -402 -591 -751 -838 -848 -812 -955 -2407 -1120 -1874 -1609 -1177 -1177 -1879 -1899 -2053 -1044 -1954 -2555 -2814 -3007 -3038 -2456 -1792 -2151 -2948 -2084 -938 -2160 -2160 -2378 -2460 -1937 -1778 -1496 59 -504 -1453 609 405 -817 -253 184 -1297 283 283 -411 19 -1221 -1663 -2179 -1904 -494 -210 637 -567 101 -1980 -3109 -488 -703 -703 -433 -1371 -2302 -2149 -1162 -308 -704 14 -1061 365 1316 2178 1683 -456 -1892
56 44 -151 -151 -78 458 339 -157 -712 -660 -754 -650 -967 -990 -1304 -1107 -1819 -1717 -1425 -1425 -783 -939 -861 -2997 -1619 -2030 -2417 -3182 -2657 -2346 -1821 -1227 -841 -930 -1109 -1937 -1937 -1644 -1505 -1117 -1734 -1195 -1269 -1323 -1578 -1602 -591 -930 -22 930 471 841 841 -306 -87 -1381 -1716 -1623 -2321 -1725 -687 -260 -959 -1393 204 -1233 -1479 -1305 -1305 -1495 -1631 -2332 -1011 -4026 -700 -871 -136 205 439 1193 -2020 -2735 -2740 -3173
227 232 224 224 -395 -558 -426 -604 -893 -1123 -565 -718 -699 -1002 -1009 -1297 -1530 -1724 -1592 -1592 403 338 -200 283 887 546 -1193 -1668 -1643 -2443 -2250 -1151 -3645 -788 -1165 -865 -865 -809 -594 -1021 -1856 -1762 -1219 -1209 -1524 -1699 -1540 -1227 -895 -27 -237 -254 -254 -226 94 -631 -1152 -1557 -2158 -1669 -305 -574 -1209 -1753 -1805 -2188 -2379 -2195 -2195 -1844 -1788 -1357 -1592 -1091 -695 -568 156 489 -24 -2455 -3382 -3241 -2066 -3810
-684 -1265 -636 -636 583 -1107 -1695 245 -325 -392 -173 -260 -530 -649 -991 -1201 -1221 -933 -643 -643 -218 -2509 -3510 -3376 -2715 1134 250 -1031 -839 -1179 -1088 -974 -615 -927 -573 -275 -275 -280 166 -763 -1252 -1409 -933 -1101 -1467 -1409 -1249 -1071 -760 -897 -823 -575 -575 -494 -435 -721 -870 -1193 -1227 -857 -881 -911 -1774 -1969 -2318 -2260 -2181 -1940 -1940 -1632 -923 -1256 -1654 -1572 -1534 -691 -682 748 327 -2241 -3509 -3102 -4509 -4801
-1233 -1140 -1021 -1021 -830 143 591 471 79 358 272 115 -978 -1002 -1122 -1350 -918 -386 822 822 -2618 -2968 -3288 -3323 -3975 -807 212 -31 -137 -538 -962 -1147 -1121 -657 -86 -131 -131 506 -24 -315 -649 -574 -1003 -1768 -1498 -1354 -649 -553 -202 -664 -715 -777 -777 -955 -819 -766 -1414 -1523 -1465 -1407 -1218 -584 -1558 -1873 -2032 -1290 -928 -808 -808 -829 -424 -1171 -1672 -1609 -761 47 -702 458 91 -3124 -3755 -3356 -4598 -4459
-1574 -1656 -1722 -1722 -1442 -1217 -938 -24 285 1088 42 -336 -573 -747 -1046 196 197 -534 985 985 -2519 -3583 -3270 -3813 -3929 -118 244 -575 -913 -660 -272 -438 -1179 -1033 -854 -301 -301 -192 -20 132 194 -200 -952 -1120 -1190 -943 -736 -439 -195 -479 -476 -177 -177 -579 -928 -652 -1291 -1403 -1558 -1654 -1359 -1113 -704 -1993 -1823 -772 -1239 -1427 -1427 -1064 -384 -1327 -1278 -1353 -1124 -1066 -682 1314 1283 -2748 -3736 -2123 -1355 -4064
-2052 -1745 -2100 -2100 -1709 -1803 -1320 -1159 -660 -529 -386 283 222 479 722 1407 725 -1951 536 536 1870 1225 -91 431 805 756 625 -107 -484 -832 -815 -474 -611 -557 -782 -50 -50 -1870 -1532 -637 -250 -720 -743 -437 -210 -534 -354 -439 -243 -351 -370 -2 -2 -206 287 -538 -621 -385 -724 -651 -1157 -749 24 32 -728 -1058 -1498 -1049 -1049 -695 -57 658 -3489 -3884 8 116 627 1332 1813 1455 246 -819 -1419 -2291
-2169 -1909 -1876 -1876 -1764 -1548 -948 -1080 -894 -708 -344 521 1081 1569 1113 756 -35 -6 427 427 166 -148 334 109 44 548 17 -172 -90 -800 -862 -747 -258 -547 11 194 194 481 1306 541 -319 -553 -355 -426 -77 -130 -64 29 435 162 -74 195 195 550 501 -167 -187 -188 -191 -266 -1017 -1099 10 -107 -848 -939 -1530 -1355 -1355 -528 651 -3666 -4340 -4229 -3481 1231 90 596 1614 1157 1398 1857 169 111
-2117 -1774 -1834 -1834 -1519 -1399 -1077 -979 -402 -90 313 1264 1349 900 -746 -296 -215 -109 34 34 -198 135 512 603 251 608 -710 177 -765 -1038 -1043 -2014 -1097 -357 -349 1055 1055 458 607 396 143 -332 -374 157 244 -495 -450 -32 158 -126 -199 20 20 226 -91 -326 -57 -20 -182 -664 -994 -202 184 41 -380 -962 -1380 -1134 -1134 -285 115 -229 -3069 -3807 -295 607 593 -10 916 535 641 1384 1095 513
-1987 -1882 -1717 -1717 -1745 -1360 -663 -672 -200 572 1857 1935 2168 477 489 -21 172 146 316 316 37 19 267 868 1058 -946 -1836 -1601 -785 -1397 -1323 -946 -361 -807 -694 496 496 1161 747 1086 621 306 -18 293 71 -767 -566 -425 -166 -8 -157 -190 -190 -122 439 709 539 -285 -456 -551 -952 113 81 -133 -170 -601 -817 -694 -694 -590 -16 720 1014 851 629 -51 253 583 493 505 449 251 266 -94
-2051 -1861 -1605 -1605 -1709 -1186 -650 -161 728 2156 414 -728 -1804 -2426 -377 1215 815 436 206 206 203 374 480 606 827 1550 865 304 -855 -1137 -1157 -829 -717 -1134 -1001 -275 -275 909 1687 858 1513 938 826 860 30 -152 -286 -370 133 -231 -137 162 162 607 956 58 200 -71 -523 -1023 -798 55 228 253 357 -82 -441 -206 -206 -206 228 406 698 48 34 10 94 481 160 426 557 115 -725 -774
-1772 -1771 -1684 -1684 -1293 -462 189 1750 1428 -223 -1888 -2604 -2872 -2745 -2773 -1712 1914 1243 574 574 1819 -1936 -1714 1881 2080 1412 650 272 -237 505 -266 -695 -658 -882 -1201 -1169 -1169 -308 1409 2184 1464 1025 1173 1626 837 695 734 554 302 -144 893 633 633 473 -231 -257 -66 -436 -363 -582 -41 288 492 804 1047 1360 -35 386 386 677 981 575 741 1119 801 -12 251 985 18 -219 90 -390 -1431 -1493
-1604 -1547 -649 -649 -456 247 1342 2832 3246 -1278 -1735 -2359 -2650 -2570 -2420 73 850 -634 -793 -793 610 2373 2490 2416 824 -756 -2158 -2410 -2924 -2307 1339 -1597 -401 -615 -779 -808 -808 -402 320 1941 1887 1041 1084 1538 673 115 -260 -152 223 248 1006 434 434 438 -30 -184 -40 -28 -162 -124 117 373 612 1194 1169 1589 -138 231 231 1066 1820 1714 1681 1117 663 -463 -141 439 567 359 -718 -1273 -1723 -1942
-595 -549 -11 -11 625 1804 2141 2630 1781 1550 -1315 -1607 -2203 -2540 -1581 1578 2209 -504 -949 -949 1334 1474 2570 1248 -1423 -1687 -2025 -2152 -2629 -2791 753 -48 -599 -497 -413 -311 -311 -5 -229 2238 2559 1790 885 1491 999 289 -197 -248 -263 -334 144 534 534 581 100 -71 -14 114 2 -32 -52 125 655 1629 1887 429 209 417 417 939 -1240 1407 664 824 883 318 380 401 409 52 -378 -1835 -2009 -2077
580 724 1191 1191 1345 1749 1256 699 1435 2746 1989 243 -1543 790 1981 2105 1968 1645 874 874 1074 1568 1678 1560 -1847 -1685 -1774 -1330 -1687 -2318 568 454 -420 -647 -116 278 278 308 1399 1866 1751 1875 1450 1330 1664 813 132 -150 -283 -553 -518 842 842 476 377 87 87 -134 -84 374 -915 477 946 1719 1303 206 162 507 507 557 1176 858 481 537 693 656 915 138 85 403 -327 -1366 -2113 -2364
1666 1485 1248 1248 776 531 1650 2164 1618 2563 2731 2692 1806 1798 2441 -810 -1241 -1557 -72 -72 1842 1375 1629 1585 1680 3214 2282 1917 2411 2805 947 634 344 364 399 1335 1335 1468 950 561 723 835 1545 1237 1937 1207 957 467 -167 -26 863 1342 1342 1060 411 -115 126 21 -203 -513 -188 368 991 1774 19 24 49 540 540 591 866 766 513 665 943 895 1014 767 1162 936 89 -846 -1596 -1270
892 1137 1615 1615 1105 1129 949 1223 1697 2278 2326 2415 1306 1344 2521 2692 1502 775 2324 2324 1774 1841 1692 1825 1750 1976 2323 2528 2623 3532 2229 986 1619 1560 1425 1339 1339 1333 714 552 809 1298 1274 1348 1628 984 898 317 -58 -127 -26 1483 1483 1781 -349 75 112 180 -48 -436 -168 234 615 1612 -9 2 378 401 401 646 352 -13 255 277 226 303 1104 1698 1277 2012 1104 138 -710 -611
2995 2651 1333 1333 537 763 757 981 1951 2267 2735 2095 1381 1927 788 -366 2069 1937 1848 1848 1848 1617 1374 1343 1292 1411 1538 1921 2784 2926 2553 2258 1861 1590 1867 1167 1167 875 444 187 132 1507 1480 956 821 966 583 15 -39 -2 636 1520 1520 1712 1387 603 475 1089 487 -268 234 430 851 1500 683 504 -120 49 49 619 775 149 1 193 383 1300 1240 1136 -2166 -1387 680 1301 201 -100
934 646 993 993 184 -649 20 1683 1449 1684 1415 1846 2140 2711 2444 2724 2564 1974 1149 1149 1540 1409 985 569 778 801 801 909 1249 1996 2592 1655 1396 1645 1927 1211 1211 613 535 66 107 625 1739 1450 648 276 -118 83 412 164 856 3242 3242 700 2263 1186 634 1213 524 142 838 1386 1124 1048 637 783 369 563 563 964 1026 991 163 400 418 393 468 755 1305 1133 2284 2338 2053 1963
366 512 862 862 -977 -828 -588 775 1199 1244 1443 2332 2854 -236 -1577 -2133 -1129 -42 1383 1383 1604 968 954 843 819 647 518 930 1497 2130 2408 2228 1242 1223 1950 1794 1794 1293 858 494 303 735 1293 1777 1559 691 -158 -62 -81 194 946 2277 2277 2724 1628 1379 1310 1029 220 517 1668 660 1803 1507 1169 1398 1256 1615 1615 1661 1318 1347 566 593 662 435 891 1616 1726 2427 2080 -417 -1803 -2032
323 127 943 943 847 589 734 525 1672 720 1320 2836 -1342 -2521 -3006 -3019 -2713 -2648 -1329 -1329 1188 1271 389 352 362 462 715 792 1504 2455 2348 2296 1658 1853 2140 2084 2084 1852 1071 728 703 315 206 2188 2124 1656 385 -166 -101 530 1095 1734 1734 2329 1822 1661 1704 348 667 757 1527 1696 1429 1047 1005 -116 -582 1042 1042 1298 1763 1748 1216 763 728 1221 1661 1324 1983 2820 -1212 -2377 -2630 -2489
1286 -225 1033 1033 568 575 325 231 728 983 1869 890 -2217 -3055 -2936 -2883 -3217 -2944 -1308 -1308 430 416 250 98 -20 235 439 775 2070 3256 253 -1679 -31 2110 2141 1823 1823 1717 767 483 577 1146 1294 777 849 1831 1900 1862 614 -174 95 295 295 304 2063 2319 1443 1104 1775 1557 402 -1924 -3833 -4239 -493 -1304 -1448 -1543 -1543 -1188 -1103 -657 775 1757 1301 1161 1817 2347 2160 -2088 -2261 -2419 -2453 -2486
1411 1316 80 80 497 -111 -310 -71 187 -586 375 1368 1091 -688 -2776 -2819 -2868 -2630 732 732 1024 435 53 208 -58 367 752 1340 2088 1268 -1706 -2092 -2076 687 -271 -526 -526 430 1002 1305 1326 758 -1963 -3054 -2836 -2494 -2255 -25 836 -228 -22 690 690 714 1071 2974 3515 1549 1234 858 -1220 -634 -1063 -550 -1116 -1388 -1641 -1588 -1588 -1638 -849 -1085 -127 2540 2711 2772 1715 1604 2202 -218 -1995 -2404 -2297 -2264
750 899 638 638 -92 -82 -268 -310 -238 -66 -49 296 1402 1362 266 353 1368 1738 1124 1124 894 522 1003 1482 406 351 740 1962 991 505 522 -78 -717 -1272 -1145 -1305 -1305 -946 815 2154 2575 -342 -2293 -2967 -2842 -2591 -2340 -985 1620 1075 374 789 789 387 646 471 2181 1565 2279 1282 -1188 -2071 -2144 -2267 -2593 -2465 -2318 -1840 -1840 -1744 -1362 -1085 529 2156 1436 2833 2007 1884 1769 449 -860 -2266 -2638 -2525
-429 1436 2038 2038 2017 1671 1139 120 -185 -374 -1030 -811 -463 -647 -314 -116 534 900 -942 -942 -2050 -2269 -2402 -2177 -38 1235 1483 2593 786 -530 -1325 -2342 -2539 -2384 -1875 -1900 -1900 -1530 -762 509 1126 953 -1273 -2794 -2748 -3172 -2645 52 728 526 905 -21 -21 -2172 -1005 1242 1149 1751 1275 2448 -663 -2496 -2784 -2890 -2823 -2484 -2330 -1835 -1835 -1363 -505 368 620 1307 1342 -2109 -1781 873 1483 -40 -1602 -447 2209 2435
457 1604 1664 1664 1134 1147 889 1242 1260 732 -635 -727 -360 -94 -3 463 1150 1248 -391 -391 -1295 -2204 -1910 -1439 1251 1358 1598 2496 2131 -792 -2025 -2395 -2491 -2456 -2166 -1816 -1816 -1143 246 622 -195 -306 311 788 265 125 -40 -67 102 153 100 403 403 912 1166 599 154 157 1218 1726 1458 -311 -1127 -1451 -2497 -2563 -2368 -2099 -2099 -480 -603 -3011 -2029 778 70 -2085 -1547 985 1364 -2451 -2120 -2312 1942 1430
763 872 2356 2356 2112 1210 855 263 591 1041 1083 975 884 -434 -588 -746 -361 328 350 350 662 623 282 158 36 227 -1289 -1567 -1581 -1494 -696 -53 791 557 272 172 172 -384 -659 -321 -580 -1049 -986 -2182 -1349 -1043 -1106 -1055 -801 -545 -1512 -857 -857 37 -426 -891 -557 -610 356 127 -230 -494 -174 1310 1433 1719 1724 1402 1402 -388 45 1111 134 21 318 -108 -130 166 18 -193 -305 473 304 569
-336 -1917 -992 -992 428 924 1591 478 215 153 656 799 620 254 -400 -1260 -835 -127 -249 -249 97 220 157 -223 -1071 -1599 -1698 -1947 -1689 -1848 -1696 -1762 -2149 -1208 -1057 -1218 -1218 -1421 -1124 -1294 -1413 -1293 -1268 -770 -612 -1600 -1347 -893 -794 -1127 -1682 -1328 -1328 -1226 956 -671 -1624 -1204 -1 372 -133 -561 114 179 770 1877 1332 1675 1675 865 494 -143 -730 -2658 -3187 -1551 -148 -469 -107 -50 -345 -441 -322 -530
-5235 -5258 -5002 -5002 -4110 -3809 -3421 -1716 1456 1918 1104 731 1051 1010 410 -58 -28 -1801 -1488 -1488 156 103 352 -486 -1553 -1449 -1431 -1625 -1627 -1567 -1394 -1300 -1098 -1270 -1357 -1387 -1387 -1287 -1195 -1794 -1903 -2063 -1815 -1757 -1687 -1517 -1640 -1542 -1712 -1566 -1951 -589 -589 -1882 -1616 -1248 -747 -2244 -1300 -1268 -936 -296 -174 121 -974 -11 741 -545 -545 -3754 -3595 -3117 -2819 -254 -1847 -2714 -2775 -274 -39 172 -53 -396 -476 -285
-4954 -5228 -5257 -5257 -4926 -3469 -4190 -1333 1357 2195 955 649 97 304 -2033 -2778 -3017 -3314 -3666 -3666 -2656 -2213 -248 -827 -928 -435 -844 -1294 -1250 -1299 -1378 -761 -745 -906 -1051 -1110 -1110 -1008 -1050 -887 -1093 -1808 -1734 -1445 -1402 -437 -1350 -1335 -768 -1109 -717 -412 -412 -570 -912 -820 16 511 31 -1563 -1590 -1024 -1239 141 625 610 1177 -2948 -2948 -3739 -3547 -3729 -2752 -1196 -921 -1637 -856 153 -428 -311 -366 -73 -248 206
-5091 -5513 -5310 -5310 -5186 -4492 -2002 1561 750 808 760 -144 -419 -968 -3153 -3092 -5439 -6663 -6721 -6721 -2847 -1975 -1762 -679 -1105 -1009 -938 -917 -904 -709 -775 -1043 -1300 -1636 -1783 -1174 -1174 -951 -734 -3487 -3571 -461 -1224 -1367 -964 -1572 -3484 -1769 -210 -1377 -1784 -1771 -1771 -1605 -1617 -1271 -807 -1195 -2228 -1600 -1101 -995 -453 -791 -2042 -1941 -219 397 397 602 960 624 1184 1697 2441 2003 1545 -810 644 1237 1389 1265 1646 1373
-3969 -3975 -3926 -3926 -3036 -1225 -297 174 1 -26 -856 -583 -939 -1120 -596 -278 732 123 -627 -627 -1710 -1477 -2281 -1830 -1924 -1833 -1806 -2270 -2356 -2420 -1658 -2218 -4139 -2498 -434 -1429 -1429 -1573 -1619 -1744 -1664 -1529 -3398 -2335 -1531 -1718 -1319 -382 -2609 -2524 -1852 -1137 -1137 -838 -731 -1021 -1530 -1637 -1564 -1397 -987 -927 -1292 -816 175 1022 238 470 470 1560 1211 -1499 -2558 -2984 -3097 -2904 -1978 -62 902 -607 -1791 -1384 -1898 -1303
