hypsometry_terrestrial_planets_input/topography/moon.lola.cea.asc
ncols        767
nrows        244
xllcorner    -5458203.076346907765
yllcorner    -1735074.021618621424
cellsize     14231.450908273038
[rows 120 to 139 of 244, columns 440 to 483 of 767]
-1214.9615478515625 -1324.794921875 -1471.57177734375 -1562.49951171875 -1586.130126953125 -1530.08203125 -1542.734375 -1253.5816650390625 -1253.5816650390625 -1254.9068603515625 -1243.716064453125 -1235.875244140625 -1239.3857421875 -1141.088134765625 -76.9970703125 360.547607421875 -128.5587158203125 627.205810546875 -527.90533447265625 -666.3193359375 -534.66131591796875 -582.48297119140625 -489.462554931640625 -805.11663818359375 -833.041748046875 -833.041748046875 -826.212158203125 -764.15087890625 -674.67376708984375 -912.03814697265625 -525.7276611328125 -578.71173095703125 -746.70068359375 -616.43316650390625 -621.86474609375 -640.62445068359375 -767.173095703125 -827.22528076171875 -904.1409912109375 -904.2855224609375 -933.48931884765625 -933.48931884765625 -950.1038818359375 -1086.6790771484375
-1217.827880859375 -1301.9373779296875 -1451.7005615234375 -1548.885986328125 -1541.5325927734375 -1563.0819091796875 -1560.3756103515625 -1326.7918701171875 -1326.7918701171875 -1241.0364990234375 -1228.4722900390625 -1189.199951171875 -1214.91455078125 -990.1873779296875 -365.838897705078125 256.26971435546875 -1273.9136962890625 422.772979736328125 -30.708156585693359375 -634.08740234375 -425.858245849609375 -503.138580322265625 -643.80743408203125 -832.6795654296875 -809.22125244140625 -809.22125244140625 -946.1173095703125 -852.3067626953125 -749.06756591796875 -843.2706298828125 -653.40374755859375 -285.11700439453125 -503.798828125 -435.129638671875 -792.7615966796875 -777.051025390625 -832.752197265625 -921.84771728515625 -932.124755859375 -912.91925048828125 -916.0823974609375 -916.0823974609375 -904.0225830078125 -1004.445068359375
-1311.9140625 -1312.65185546875 -1382.32568359375 -1477.5032958984375 -1536.7137451171875 -1555.6136474609375 -1459.596435546875 -1281.433837890625 -1281.433837890625 -1235.0157470703125 -1255.82080078125 -1202.27197265625 -1244.05810546875 -984.5634765625 -810.5458984375 -379.192413330078125 -2058.705078125 -277.228759765625 -442.021575927734375 -466.154815673828125 -186.3430633544921875 -185.9326324462890625 -473.6551513671875 -29.09401702880859375 -660.98101806640625 -660.98101806640625 -296.33770751953125 -736.51837158203125 -888.76513671875 -941.5560302734375 -1097.1953125 -663.12457275390625 -546.858154296875 -592.21514892578125 -811.27691650390625 -806.2288818359375 -880.673828125 -910.97320556640625 -928.736572265625 -921.12890625 -1034.8641357421875 -1034.8641357421875 -909.00732421875 -978.68560791015625
-1342.8922119140625 -1252.5736083984375 -1368.763916015625 -1383.6031494140625 -1522.9119873046875 -1523.2271728515625 -1305.7376708984375 -1241.3232421875 -1241.3232421875 -1198.340087890625 -1211.249755859375 -1244.1163330078125 -1091.9764404296875 -959.58941650390625 -1266.796142578125 -801.7205810546875 -1391.91455078125 -1157.464599609375 -690.1678466796875 -280.0562744140625 178.904815673828125 170.814910888671875 167.0592193603515625 663.52423095703125 495.754730224609375 495.754730224609375 -39.616313934326171875 -462.2076416015625 -1136.997314453125 -1082.6328125 -830.6063232421875 -928.73876953125 -654.481689453125 -694.4720458984375 -811.965576171875 -815.56072998046875 -887.26690673828125 -916.49285888671875 -920.21954345703125 -925.30206298828125 -906.21258544921875 -906.21258544921875 -916.24090576171875 -989.29022216796875
-1561.6622314453125 -1561.276123046875 -1559.5419921875 -1604.0142822265625 -1631.2166748046875 -1599.122314453125 -1460.7110595703125 -1393.596923828125 -1393.596923828125 -1141.0662841796875 -1212.17724609375 -1138.4482421875 -1137.9342041015625 -492.35308837890625 -922.24273681640625 -1003.52264404296875 -1355.1671142578125 -1530.47900390625 -1524.79541015625 -14.264226913452148438 499.164886474609375 616.3427734375 1120.727783203125 1304.3592529296875 1383.6572265625 1383.6572265625 -58.1501922607421875 88.29282379150390625 -458.74383544921875 -875.97418212890625 -715.5672607421875 -378.642425537109375 -898.7596435546875 -872.0828857421875 -866.43890380859375 -910.3218994140625 -905.62939453125 -913.5928955078125 -898.75518798828125 -910.88714599609375 -920.33685302734375 -920.33685302734375 -952.83673095703125 -1011.125732421875
-1594.5887451171875 -1503.2071533203125 -1716.2406005859375 -1672.8480224609375 -1680.083251953125 -1767.935302734375 -1727.2506103515625 -1633.597412109375 -1633.597412109375 -1484.175537109375 -1118.532470703125 -1311.5986328125 -1248.0794677734375 -567.794677734375 -597.6990966796875 -1019.01513671875 -1217.4017333984375 -1439.0989990234375 -707.98486328125 -34.139278411865234375 -516.37884521484375 -1323.3206787109375 1145.44970703125 2069.612060546875 1303.9293212890625 1303.9293212890625 -82.908905029296875 471.45440673828125 -1356.907958984375 -1206.896484375 -824.57672119140625 -738.03399658203125 -932.018310546875 -916.513916015625 -908.69415283203125 -920.32196044921875 -877.58966064453125 -915.8291015625 -918.83380126953125 -954.9810791015625 -972.0531005859375 -972.0531005859375 -995.64703369140625 -1077.192138671875
-1619.461181640625 -1602.9512939453125 -1707.7137451171875 -1615.7550048828125 -1697.854248046875 -1787.100341796875 -1728.1844482421875 -1791.9039306640625 -1791.9039306640625 -1707.0657958984375 -1133.92822265625 -1107.868408203125 -1188.4683837890625 -327.842041015625 -1146.5826416015625 -1399.3582763671875 -1231.9818115234375 -944.1480712890625 -837.4798583984375 -116.0954132080078125 -1091.8729248046875 -1198.0828857421875 -479.033172607421875 1063.5916748046875 1210.3348388671875 1210.3348388671875 -1206.20166015625 -558.84124755859375 -557.3206787109375 -1440.403076171875 -877.2957763671875 -1114.11962890625 -944.83563232421875 -966.2283935546875 -1014.82708740234375 -963.14581298828125 -908.506103515625 -902.236572265625 -935.630615234375 -988.16748046875 -1029.186767578125 -1029.186767578125 -1068.2574462890625 -988.98431396484375
-1707.737548828125 -1743.2724609375 -1657.6246337890625 -1679.8343505859375 -1748.957763671875 -1764.2744140625 -1741.2171630859375 -1823.92578125 -1823.92578125 -1495.033203125 -946.88214111328125 -1349.1925048828125 -805.654541015625 591.33416748046875 -1356.6424560546875 -1432.5081787109375 -1367.2713623046875 -578.5235595703125 -1023.68768310546875 -1082.345947265625 -885.84442138671875 -612.3153076171875 45.53987884521484375 -1064.423095703125 -314.9422607421875 -314.9422607421875 -1571.3828125 -1206.5614013671875 -1386.100341796875 -1142.4635009765625 -1316.62841796875 -1219.5626220703125 -945.7850341796875 -918.64306640625 -1019.17364501953125 -1092.771240234375 -1027.0306396484375 -1002.42352294921875 -961.7591552734375 -1040.33447265625 -1117.2479248046875 -1117.2479248046875 -1182.1925048828125 -1235.2158203125
-1654.1285400390625 -1705.5150146484375 -1669.7777099609375 -1832.5426025390625 -1748.3751220703125 -1729.3260498046875 -1705.102294921875 -1720.4005126953125 -1720.4005126953125 -1416.3753662109375 -1430.6138916015625 -1116.1080322265625 -837.3603515625 -486.81719970703125 -1115.28662109375 -1163.1478271484375 -1947.8935546875 -255.69146728515625 -803.7974853515625 -882.189697265625 -1121.31103515625 -914.17626953125 -1454.251953125 -1648.05224609375 -1611.4151611328125 -1611.4151611328125 -1185.553955078125 -1252.179443359375 -1220.2308349609375 -1245.78515625 -1187.6947021484375 -1117.598876953125 -892.94281005859375 -1018.28460693359375 -1089.7608642578125 -1131.3536376953125 -1184.32763671875 -1132.004150390625 -1100.619873046875 -1070.497802734375 -1139.0252685546875 -1139.0252685546875 -1237.514892578125 -1289.5555419921875
-1654.1285400390625 -1705.5150146484375 -1669.7777099609375 -1832.5426025390625 -1748.3751220703125 -1729.3260498046875 -1705.102294921875 -1720.4005126953125 -1720.4005126953125 -1416.3753662109375 -1430.6138916015625 -1116.1080322265625 -837.3603515625 -486.81719970703125 -1115.28662109375 -1163.1478271484375 -1947.8935546875 -255.69146728515625 -803.7974853515625 -882.189697265625 -1121.31103515625 -914.17626953125 -1454.251953125 -1648.05224609375 -1611.4151611328125 -1611.4151611328125 -1185.553955078125 -1252.179443359375 -1220.2308349609375 -1245.78515625 -1187.6947021484375 -1117.598876953125 -892.94281005859375 -1018.28460693359375 -1089.7608642578125 -1131.3536376953125 -1184.32763671875 -1132.004150390625 -1100.619873046875 -1070.497802734375 -1139.0252685546875 -1139.0252685546875 -1237.514892578125 -1289.5555419921875
-1711.823486328125 -1728.03515625 -1768.8389892578125 -1918.350341796875 -1792.759521484375 -1686.3477783203125 -1620.617431640625 -1642.8970947265625 -1642.8970947265625 -1526.9293212890625 -1253.80126953125 -874.70440673828125 -749.99407958984375 -790.68157958984375 -371.695770263671875 -923.32086181640625 -486.613555908203125 -707.730712890625 -877.2230224609375 -451.199462890625 -1098.7952880859375 -1216.7109375 -1450.1248779296875 -1467.815185546875 -1665.598876953125 -1665.598876953125 -1047.6632080078125 -945.90875244140625 -899.04833984375 -1367.4691162109375 -1369.1959228515625 -1084.5513916015625 -733.5377197265625 -1076.0418701171875 -1132.9080810546875 -1170.407470703125 -1170.3092041015625 -1141.384033203125 -1135.257568359375 -1124.6627197265625 -1155.357666015625 -1155.357666015625 -1157.5419921875 -1270.963623046875
-1829.7369384765625 -1837.7218017578125 -1928.226806640625 -1869.3419189453125 -1694.8291015625 -1560.8092041015625 -1659.045654296875 -1606.636962890625 -1606.636962890625 -1616.5552978515625 -745.90771484375 -707.6142578125 -191.6834716796875 -311.233184814453125 -543.1134033203125 -420.86700439453125 -1127.302978515625 -803.78192138671875 -917.03265380859375 -1121.2236328125 -869.2275390625 -958.4993896484375 -1057.705810546875 -1184.7496337890625 -1324.4193115234375 -1324.4193115234375 -919.78277587890625 -957.63421630859375 -882.51068115234375 -1434.5989990234375 -626.9090576171875 -55.639667510986328125 -839.86029052734375 -889.3621826171875 -1085.332763671875 -1097.1064453125 -1074.8709716796875 -976.20770263671875 -1003.48956298828125 -1187.7109375 -1251.8079833984375 -1251.8079833984375 -1250.043701171875 -1351.0604248046875
-1835.40380859375 -1853.274658203125 -1928.939697265625 -2067.975830078125 -3126.4921875 -1803.7501220703125 -1544.2099609375 -1694.84228515625 -1694.84228515625 -1646.724609375 -999.024169921875 -853.5347900390625 -846.35491943359375 -917.45599365234375 -1736.781494140625 -553.265625 -649.27252197265625 -529.0343017578125 -468.288787841796875 -829.6497802734375 -841.65496826171875 -756.603759765625 -898.8966064453125 -932.5400390625 -1104.0704345703125 -1104.0704345703125 -926.34295654296875 -1317.0224609375 -1059.864990234375 -1364.0291748046875 -801.727294921875 -541.53643798828125 -633.47369384765625 -1017.630615234375 -836.6929931640625 -906.076904296875 -1082.181640625 -1124.2120361328125 -1185.6663818359375 -1171.4111328125 -1253.085205078125 -1253.085205078125 -1323.3031005859375 -1425.2706298828125
-1809.337890625 -1882.8846435546875 -1902.33251953125 -1514.1326904296875 -1541.5362548828125 -1836.442626953125 -1715.662841796875 -1870.0098876953125 -1870.0098876953125 -1725.454345703125 -1066.68896484375 -1500.4566650390625 -993.8887939453125 -440.42230224609375 -628.547607421875 -713.6259765625 -915.693603515625 -723.7562255859375 -1125.17626953125 -892.80157470703125 -775.84759521484375 -725.70391845703125 -802.7528076171875 -800.79656982421875 -773.1112060546875 -773.1112060546875 -1012.5166015625 -1164.157470703125 -1158.45556640625 -1199.2938232421875 -1280.508056640625 -1048.9490966796875 -852.595458984375 -841.00775146484375 -1003.2701416015625 -592.030517578125 -1043.4208984375 -1112.785888671875 -1189.3472900390625 -1228.25732421875 -1265.2655029296875 -1265.2655029296875 -1302.316162109375 -1364.4451904296875
-1806.886474609375 -1915.439697265625 -1930.5535888671875 -1918.4451904296875 -1895.5179443359375 -1905.388916015625 -1895.0235595703125 -1982.8623046875 -1982.8623046875 -1690.765380859375 -1473.54052734375 -1505.7353515625 -1321.070068359375 -1247.822021484375 -589.4312744140625 -1488.2982177734375 -951.12139892578125 -1038.1533203125 -911.99578857421875 -1069.2630615234375 -867.69000244140625 -892.98797607421875 -728.2470703125 -746.3076171875 -929.00885009765625 -929.00885009765625 -1005.89007568359375 -978.05072021484375 -981.6297607421875 -941.91363525390625 -1248.89013671875 -1130.2379150390625 -1194.3516845703125 -1145.5379638671875 -1154.782470703125 -1047.1767578125 -1049.97314453125 -1100.8314208984375 -1138.899658203125 -1047.5955810546875 -1184.730712890625 -1184.730712890625 -1254.349853515625 -1320.2574462890625
-1630.57568359375 -1762.4927978515625 -1913.819091796875 -1901.2821044921875 -1844.2684326171875 -1849.8785400390625 -1938.296142578125 -1936.8255615234375 -1936.8255615234375 -1807.69189453125 -1732.2333984375 -1629.1754150390625 -1675.0521240234375 -1735.9078369140625 -1610.7474365234375 -1559.267578125 -1234.30810546875 -531.2305908203125 -496.86627197265625 -844.86370849609375 -852.7149658203125 -937.86651611328125 -860.288818359375 -703.54486083984375 -882.32574462890625 -882.32574462890625 -882.173828125 -1014.113525390625 -937.5601806640625 -1355.876708984375 -900.64208984375 -1155.0811767578125 -1174.8626708984375 -1117.4501953125 -1086.4376220703125 -1071.770263671875 -1116.8021240234375 -1158.2818603515625 -1071.443115234375 -703.80828857421875 -992.064697265625 -992.064697265625 -1135.034423828125 -1216.2310791015625
-1871.9056396484375 -1630.0103759765625 -1800.6510009765625 -1827.2677001953125 -1815.970703125 -1890.2584228515625 -1887.3140869140625 -1880.3323974609375 -1880.3323974609375 -1781.5606689453125 -1704.8616943359375 -1477.799072265625 -1714.0340576171875 -1701.4921875 -1369.875244140625 -651.368896484375 -704.77215576171875 42.6290435791015625 197.02130126953125 -731.83319091796875 -633.22222900390625 -829.7806396484375 -946.04071044921875 -712.354248046875 -937.66912841796875 -937.66912841796875 -1002.254150390625 -827.5040283203125 -998.046630859375 -827.0328369140625 -1035.7501220703125 -1162.7225341796875 -1251.3182373046875 -1167.9986572265625 -1069.367431640625 -1117.371826171875 -1190.683837890625 -1189.8690185546875 -1091.8382568359375 -936.44683837890625 -1021.43756103515625 -1021.43756103515625 -1089.3912353515625 -1128.4241943359375
-1881.5938720703125 -1898.9852294921875 -1901.8697509765625 -1850.3385009765625 -1877.3436279296875 -1860.40625 -1872.6663818359375 -1829.0133056640625 -1829.0133056640625 -1713.9183349609375 -1598.7724609375 -1662.0467529296875 -1610.6060791015625 -1473.703369140625 -874.55609130859375 -14.975754737854003906 335.3822021484375 -912.62005615234375 -713.78143310546875 -83.711090087890625 -1611.7442626953125 -705.80615234375 -966.53167724609375 -647.94537353515625 -791.16986083984375 -791.16986083984375 -1059.0445556640625 -1037.93408203125 -1017.41705322265625 -1271.7000732421875 -841.09112548828125 -816.3336181640625 -1114.5498046875 -1131.354248046875 -1106.90869140625 -1152.5576171875 -1261.028564453125 -1254.9300537109375 -1131.3255615234375 -1107.8956298828125 -1091.1038818359375 -1091.1038818359375 -1045.6170654296875 -1093.313720703125
-1891.9801025390625 -1854.9075927734375 -1868.4385986328125 -1847.0498046875 -1763.3809814453125 -1805.0726318359375 -1852.0706787109375 -1720.3201904296875 -1720.3201904296875 -1573.111572265625 -1642.7945556640625 -1583.082275390625 -1529.1593017578125 -1036.826416015625 -1567.586669921875 -1896.621337890625 947.13427734375 -2220.8486328125 -1954.8623046875 -254.8961639404296875 -1352.134765625 -1787.04541015625 -1592.8382568359375 -1312.4876708984375 -912.7774658203125 -912.7774658203125 -1094.51123046875 -1059.92431640625 -1296.6400146484375 -412.224334716796875 35.07479095458984375 -917.7161865234375 -995.626220703125 -509.573486328125 -1040.8070068359375 -1106.5545654296875 -1203.343017578125 -1267.49169921875 -866.96405029296875 -1107.3350830078125 -1092.7984619140625 -1092.7984619140625 -1057.2108154296875 -1059.8428955078125
-1783.0594482421875 -1838.4783935546875 -1808.004150390625 -1754.247802734375 -1791.8118896484375 -1774.3587646484375 -1786.875244140625 -1586.797119140625 -1586.797119140625 -1517.5726318359375 -1809.7867431640625 -1698.160888671875 -908.30291748046875 110.99323272705078125 -2331.4111328125 -1827.2076416015625 701.25604248046875 -83.809967041015625 -1095.7081298828125 -539.3775634765625 -1284.215087890625 -1557.2999267578125 -1061.065185546875 -493.85406494140625 -601.23712158203125 -601.23712158203125 -861.20172119140625 -1053.4105224609375 -935.8760986328125 69.77207183837890625 -1551.2120361328125 -1630.8465576171875 -1592.5384521484375 -1184.0150146484375 -1314.90625 -1056.64794921875 -1144.6112060546875 -1269.63623046875 -1149.423095703125 -1209.3499755859375 -1188.7291259765625 -1188.7291259765625 -1107.519287109375 -1049.864013671875
