hypsometry_terrestrial_planets_input/topography/moon.lola.cea.asc
ncols        767
nrows        244
xllcorner    -5458203.076346907765
yllcorner    -1735074.021618621424
cellsize     14231.450908273038
[rows 160 to 179 of 244, columns 0 to 43 of 767]
-651.00225830078125 869.09893798828125 1898.20166015625 3606.818115234375 5725.734375 2586.82958984375 2062.478515625 1286.5970458984375 1286.5970458984375 2309.978271484375 1227.8907470703125 1729.821044921875 2645.88037109375 852.93170166015625 1730.7923583984375 2276.35400390625 1116.76708984375 1667.7672119140625 1838.4857177734375 2849.872314453125 2581.8212890625 3620.64111328125 3540.643798828125 264.906982421875 264.906982421875 -100.27545166015625 -263.668487548828125 63.42050933837890625 378.76922607421875 48.19483184814453125 1389.2449951171875 1196.23974609375 -1327.2689208984375 565.9110107421875 647.94561767578125 250.5951995849609375 633.79168701171875 522.2137451171875 971.53302001953125 269.044525146484375 742.5101318359375 742.5101318359375 1650.2911376953125 -260.61376953125
1051.4833984375 1007.877197265625 1082.06298828125 2806.60009765625 5724.58984375 4734.33740234375 3469.73779296875 2741.38134765625 2741.38134765625 1830.7449951171875 709.47412109375 1335.6673583984375 622.4425048828125 1172.789794921875 2000.4869384765625 2271.26611328125 959.26202392578125 1133.124755859375 2180.895751953125 3361.756103515625 4676.4375 5062.4951171875 4877.638671875 1605.0052490234375 1605.0052490234375 797.774658203125 344.10577392578125 523.9420166015625 -659.75341796875 -733.4896240234375 -143.6204071044921875 -29.657083511352539062 -2317.877197265625 -926.81805419921875 1075.432861328125 171.454132080078125 561.5047607421875 112.4141693115234375 380.5057373046875 1190.058349609375 1093.8790283203125 1093.8790283203125 1274.5072021484375 142.8636474609375
-111.22327423095703125 90.147308349609375 470.49749755859375 2342.064453125 5853.88818359375 2892.000732421875 282.313201904296875 710.286376953125 710.286376953125 1542.7047119140625 332.18359375 1165.2093505859375 1943.97314453125 2119.08935546875 4806.19140625 2883.826416015625 2375.131103515625 2283.41943359375 3674.10498046875 6815.826171875 4386.0048828125 5293.11767578125 2659.87939453125 304.373321533203125 304.373321533203125 154.7563323974609375 -33.8308563232421875 396.585052490234375 -284.64892578125 -760.57769775390625 1518.9383544921875 303.607208251953125 -1927.454833984375 -304.34521484375 581.16607666015625 4.1297245025634765625 30.799680709838867188 477.554901123046875 1195.9354248046875 655.5277099609375 1011.548828125 1011.548828125 1334.22900390625 1493.8045654296875
-391.913909912109375 -427.8519287109375 351.2357177734375 3083.6669921875 2946.921142578125 284.618133544921875 -643.7845458984375 -1617.07763671875 -1617.07763671875 590.734130859375 444.055694580078125 657.52105712890625 708.7701416015625 953.03631591796875 615.91326904296875 1156.5447998046875 905.27130126953125 801.917724609375 630.2999267578125 3088.91455078125 3078.839599609375 2773.918212890625 1582.0589599609375 130.2170562744140625 130.2170562744140625 111.4028778076171875 -2207.641357421875 -1698.385009765625 808.361572265625 604.7894287109375 186.4691009521484375 628.34039306640625 1234.60498046875 552.3907470703125 -20.393228530883789062 -279.588409423828125 -24.700273513793945312 793.009521484375 114.16716766357421875 73.86920928955078125 361.481658935546875 361.481658935546875 698.72216796875 2157.736328125
-106.75276947021484375 155.3874969482421875 1465.3980712890625 2741.731689453125 3015.809326171875 1216.7430419921875 -1450.0087890625 -1686.18603515625 -1686.18603515625 923.5211181640625 338.525909423828125 275.225006103515625 350.911895751953125 634.74896240234375 -263.609466552734375 -136.3722686767578125 1601.9412841796875 -1870.5330810546875 -1936.7847900390625 1101.1065673828125 1053.8487548828125 1396.76318359375 749.750732421875 -542.47509765625 -542.47509765625 -313.740814208984375 -1815.0716552734375 -1138.609375 223.976959228515625 5.1592340469360351562 -58.321613311767578125 270.17254638671875 201.231903076171875 768.71112060546875 -28.51085662841796875 -146.090728759765625 6.7225961685180664062 135.048614501953125 -268.05657958984375 144.325103759765625 341.09771728515625 341.09771728515625 325.498046875 934.73419189453125
1493.8028564453125 1461.3104248046875 1356.520263671875 91.570526123046875 781.84161376953125 1713.696044921875 958.29925537109375 1844.43798828125 1844.43798828125 902.0762939453125 245.2886199951171875 280.613983154296875 381.3038330078125 680.626953125 -1536.7366943359375 -1524.321533203125 68.344451904296875 -1787.458740234375 -1798.1634521484375 847.603515625 202.4457855224609375 1499.8487548828125 467.98284912109375 -226.482330322265625 -226.482330322265625 -518.05523681640625 7.4522643089294433594 -611.5654296875 -435.48516845703125 -57.496547698974609375 79.59619903564453125 252.88665771484375 1054.2076416015625 1391.673828125 963.4124755859375 594.50335693359375 164.2807769775390625 211.72705078125 353.6795654296875 752.2393798828125 808.81475830078125 808.81475830078125 504.094879150390625 1299.9483642578125
-11.474226951599121094 121.0782318115234375 126.13672637939453125 618.1177978515625 -436.1533203125 -66.43582916259765625 1541.614990234375 777.544677734375 777.544677734375 -371.28314208984375 -1100.6224365234375 448.0693359375 732.35369873046875 144.05279541015625 -1833.072509765625 -1869.751953125 -1786.9854736328125 1336.9107666015625 1206.1109619140625 1016.714599609375 517.367431640625 326.58087158203125 -654.96124267578125 -627.19677734375 -627.19677734375 -254.9892425537109375 -140.95703125 -443.131927490234375 -144.37884521484375 906.2593994140625 714.01239013671875 2511.869873046875 3766.790771484375 1772.4710693359375 1647.240966796875 1662.5269775390625 673.52447509765625 261.24072265625 2802.968994140625 4131.2841796875 3890.096435546875 3890.096435546875 2980.114501953125 1688.1943359375
143.8622894287109375 -172.6690826416015625 -120.45244598388671875 451.361419677734375 -902.75787353515625 -892.75250244140625 496.394805908203125 -1104.345703125 -1104.345703125 -1948.6422119140625 -2021.3223876953125 -1986.11376953125 -1309.4559326171875 14.492572784423828125 -1077.426025390625 -1799.204833984375 -1664.167236328125 1132.595947265625 2087.41552734375 1420.001953125 899.43853759765625 471.919921875 -188.4790802001953125 317.710906982421875 317.710906982421875 17.262172698974609375 13.981253623962402344 -450.436492919921875 102.97103118896484375 645.97796630859375 2731.151611328125 4484.37646484375 4354.751953125 4010.539306640625 3716.112060546875 2947.241943359375 1020.0089111328125 690.10687255859375 3763.711669921875 6690.330078125 6975.669921875 6975.669921875 7228.95458984375 4291.203125
57.180667877197265625 535.45166015625 97.7689208984375 -83.18288421630859375 -412.468353271484375 26.720788955688476562 -604.91363525390625 -2835.491455078125 -2835.491455078125 -3040.63818359375 -3054.538818359375 -3043.810302734375 -2949.58935546875 -1682.267333984375 664.76690673828125 -157.5288848876953125 1278.12939453125 4276.22021484375 3673.07275390625 -507.72039794921875 -1956.8572998046875 -1552.7152099609375 -2112.191650390625 -3245.57763671875 -3245.57763671875 -1606.22509765625 -234.6135711669921875 -722.28179931640625 -274.2890625 54.8719940185546875 1053.716552734375 698.1881103515625 2717.421142578125 5248.59130859375 4289.06005859375 2476.80029296875 1172.443115234375 1237.5159912109375 279.315032958984375 1864.016357421875 3213.65673828125 3213.65673828125 5599.61572265625 5837.84375
1063.10546875 51.48035430908203125 133.855560302734375 -329.37408447265625 -600.65966796875 -499.84014892578125 -1888.8450927734375 -3125.063720703125 -3125.063720703125 -3121.590087890625 -3097.241455078125 -3188.029541015625 -3288.35888671875 -2238.679443359375 -937.2435302734375 475.87066650390625 428.96832275390625 961.302001953125 21.712642669677734375 -2358.89453125 -2952.718994140625 -2831.364013671875 -2855.000732421875 -3256.26904296875 -3256.26904296875 -1521.7733154296875 -504.60552978515625 -423.536590576171875 -598.1278076171875 -818.7991943359375 -288.89111328125 -131.7957000732421875 2862.223388671875 3824.6103515625 1421.7291259765625 167.1036529541015625 91.99556732177734375 -117.63051605224609375 -353.206787109375 480.0142822265625 995.489013671875 995.489013671875 2044.8157958984375 1598.769775390625
-219.84674072265625 -1582.6297607421875 -1070.5841064453125 113.16471099853515625 -346.108428955078125 -235.0883331298828125 -2345.259521484375 -3058.537109375 -3058.537109375 -3078.964599609375 -3100.006591796875 -3113.5859375 -3213.580078125 -3222.44873046875 -42.078067779541015625 -164.4484100341796875 706.15570068359375 584.8701171875 -528.8270263671875 -2690.59375 -3022.459228515625 -3045.2509765625 -2681.145263671875 -1262.4825439453125 -1262.4825439453125 -27.237306594848632812 -702.85198974609375 -526.30352783203125 -689.516357421875 -829.030029296875 -592.306884765625 -538.907470703125 415.462005615234375 124.9251251220703125 -128.647735595703125 -26.463697433471679688 -717.5634765625 -685.42303466796875 0.7282612919807434082 833.7490234375 452.793975830078125 452.793975830078125 270.061126708984375 275.5220947265625
-2562.28662109375 -2771.76611328125 -3152.5419921875 -762.28179931640625 84.18608856201171875 -195.0673065185546875 -1966.97802734375 -2665.904541015625 -2665.904541015625 -2736.545166015625 -3763.16064453125 -3672.4892578125 -2643.6171875 -1163.2261962890625 -612.4691162109375 -276.651519775390625 250.7339630126953125 -273.604217529296875 -515.7939453125 -2452.072998046875 -3025.92724609375 -3055.921875 -2985.228271484375 -628.22406005859375 -628.22406005859375 -882.69573974609375 -1168.6243896484375 -929.234619140625 -777.31787109375 -1164.6712646484375 -727.40283203125 -590.92230224609375 -241.406463623046875 324.087371826171875 47.52935791015625 363.958648681640625 -662.786376953125 -635.1243896484375 -846.9808349609375 -917.9239501953125 95.1904296875 95.1904296875 -248.545806884765625 -21.004858016967773438
-2730.7197265625 -3392.842529296875 -3466.126708984375 -2075.25634765625 -610.94366455078125 18.041753768920898438 -800.83477783203125 -1670.3055419921875 -1670.3055419921875 -1800.435791015625 -2492.3466796875 -2602.508544921875 -2332.968994140625 323.6866455078125 -1250.2877197265625 -920.89788818359375 -1561.828857421875 -2884.2978515625 -2600.529052734375 -438.710601806640625 -1170.540283203125 -1865.8624267578125 -1437.2684326171875 -444.571136474609375 -444.571136474609375 -667.12493896484375 -1112.6119384765625 -1100.429931640625 -873.09423828125 -604.28192138671875 -673.451416015625 -501.525238037109375 280.175079345703125 -2706.73388671875 -2958.196044921875 486.087249755859375 -37.248363494873046875 727.0184326171875 -1066.1712646484375 -580.69873046875 -910.4642333984375 -910.4642333984375 -310.918121337890625 63.47124481201171875
-3190.623779296875 -3528.9482421875 -3552.563232421875 -2965.486572265625 -1571.1021728515625 -133.209747314453125 586.02008056640625 -133.9400787353515625 -133.9400787353515625 -651.69244384765625 -1208.2620849609375 -1864.152099609375 -1325.3504638671875 864.7100830078125 -464.436248779296875 -347.757598876953125 -2921.676513671875 -3621.8427734375 -3431.6279296875 -2138.282470703125 -595.6851806640625 -378.930816650390625 -152.240478515625 -666.85699462890625 -666.85699462890625 -1402.353271484375 -1203.9642333984375 -1185.046875 -1259.1717529296875 -3255.00830078125 -541.52813720703125 -380.317138671875 -305.412261962890625 -3206.5869140625 -3173.942138671875 -411.885284423828125 142.449310302734375 1093.206787109375 -1114.0013427734375 -556.38409423828125 -702.4761962890625 -702.4761962890625 -293.37335205078125 377.34161376953125
-3793.274658203125 -3802.4970703125 -3816.265869140625 -3830.209228515625 -2641.077880859375 -981.89813232421875 -75.78623199462890625 237.1400299072265625 237.1400299072265625 -654.6392822265625 -3415.553955078125 -3550.47314453125 -1906.0030517578125 -326.97467041015625 -298.072784423828125 -85.84906005859375 -3312.00341796875 -3368.99658203125 -3403.1748046875 -2888.261962890625 -1937.818359375 -567.25762939453125 -1947.8729248046875 -2030.577880859375 -2030.577880859375 -1046.718505859375 -3097.326171875 -1429.4324951171875 -1294.066650390625 -1389.2889404296875 -560.77471923828125 -1674.486572265625 -1340.417724609375 -1407.500732421875 -790.1103515625 206.80340576171875 333.973358154296875 295.84912109375 904.98468017578125 617.519775390625 486.598419189453125 486.598419189453125 768.092529296875 1822.195068359375
-3920.933837890625 -3981.925537109375 -4009.6015625 -3877.754638671875 -2181.661376953125 -970.1138916015625 -309.46746826171875 -346.8968505859375 -346.8968505859375 -2746.426513671875 -3591.84716796875 -3715.51318359375 -3730.01513671875 -1341.499267578125 -258.919708251953125 -576.27825927734375 -2042.0203857421875 -2783.419921875 -2831.253173828125 -2288.06005859375 -2265.232177734375 -1533.7420654296875 139.3577117919921875 -197.3216705322265625 -197.3216705322265625 -1105.9012451171875 -1692.7947998046875 -1239.30517578125 -1238.031982421875 -1047.188232421875 -1029.6026611328125 -1953.1771240234375 -1828.7713623046875 -783.35992431640625 983.42462158203125 -119.2084808349609375 -328.534912109375 -155.8149871826171875 -2188.4501953125 369.80169677734375 497.751373291015625 497.751373291015625 430.734527587890625 -24.933210372924804688
-3905.86572265625 -3970.327392578125 -3934.373046875 -3335.947998046875 -1327.2186279296875 -349.00958251953125 208.3718109130859375 -8.413990020751953125 -8.413990020751953125 -1966.778076171875 -3642.72314453125 -3629.572998046875 -3831.7705078125 -1127.7510986328125 -158.0492401123046875 147.7692108154296875 -1075.474365234375 -2455.24853515625 -2606.043212890625 -2501.22705078125 -2104.969482421875 -940.780029296875 -1536.4473876953125 -1700.2115478515625 -1700.2115478515625 -1106.9029541015625 -1479.29443359375 -1620.47607421875 -1338.9420166015625 -1424.1414794921875 -1132.580322265625 -1129.7401123046875 -1207.106689453125 534.7208251953125 -88.09207916259765625 -216.678253173828125 -1008.208740234375 -605.703369140625 -2373.0537109375 448.053680419921875 19.675670623779296875 19.675670623779296875 -944.86639404296875 -530.43792724609375
-1589.4505615234375 -2095.883544921875 -1682.14111328125 -679.60992431640625 -199.5074462890625 -180.3460845947265625 -154.265167236328125 675.25201416015625 675.25201416015625 -735.63836669921875 -2119.4892578125 -3044.364501953125 -2372.50439453125 -1827.96484375 -1025.4034423828125 44.551548004150390625 -583.2900390625 -1427.78466796875 -1916.79052734375 -1732.155029296875 -1400.58154296875 -436.894195556640625 -1636.6641845703125 -1546.21484375 -1546.21484375 -1616.8067626953125 -1808.6654052734375 -1693.20703125 -1904.2818603515625 -1664.396728515625 -1409.689453125 -1484.213623046875 -1188.4981689453125 160.7821044921875 -456.77581787109375 -728.10302734375 -744.96832275390625 -926.3843994140625 -377.69775390625 193.886962890625 -111.1799468994140625 -111.1799468994140625 -1042.3333740234375 -754.8338623046875
-1034.8040771484375 -1706.4593505859375 -2146.796142578125 -2060.163818359375 -2218.041748046875 -2660.50439453125 -2742.8828125 -3135.547119140625 -3135.547119140625 -3108.920166015625 -1331.5555419921875 679.81341552734375 511.5645751953125 444.635406494140625 -1860.7080078125 -2888.376220703125 -3609.17626953125 -3683.176025390625 -3042.731201171875 -1282.9534912109375 -1259.60595703125 -597.22296142578125 -1471.8839111328125 -1611.003173828125 -1611.003173828125 -983.911376953125 -2412.3955078125 -1475.4879150390625 -1834.450439453125 -2304.048828125 -2058.71826171875 -1516.878662109375 -2255.158935546875 -1891.9005126953125 -1768.679931640625 -1592.98291015625 -1940.320068359375 -1816.9954833984375 -1465.3612060546875 -1085.6317138671875 -569.614501953125 -569.614501953125 -78.70172119140625 -1144.7298583984375
-3274.240478515625 -4275.98486328125 -4718.21533203125 -4683.6708984375 -4283.96875 -3236.8291015625 -2981.409423828125 -3080.117919921875 -3080.117919921875 -3304.835693359375 -2871.180419921875 -867.8009033203125 522.90765380859375 -665.5003662109375 -3808.224853515625 -4087.031005859375 -4007.735595703125 -3868.09521484375 -3314.635986328125 -1818.18017578125 -2477.945556640625 -3341.56298828125 -2295.59130859375 -1457.7958984375 -1457.7958984375 -1782.035400390625 -2585.083251953125 -1961.6832275390625 -2360.90478515625 -2462.854248046875 -2112.101806640625 -1914.0318603515625 -2047.3096923828125 -1933.317626953125 -1642.4984130859375 -1077.1522216796875 -1732.7696533203125 -1923.4571533203125 -907.0667724609375 -341.71929931640625 -233.6645660400390625 -233.6645660400390625 77.1900787353515625 685.950927734375
