hypsometry_terrestrial_planets_input/topography/moon.lola.cea.asc
ncols        767
nrows        244
xllcorner    -5458203.076346907765
yllcorner    -1735074.021618621424
cellsize     14231.450908273038
[rows 200 to 219 of 244, columns 660 to 703 of 767]
-1307.3525390625 -588.73492431640625 -532.91680908203125 -897.51019287109375 -1490.6524658203125 -2172.252197265625 -1779.947509765625 -269.6942138671875 -805.30548095703125 -491.89129638671875 615.66009521484375 493.24932861328125 279.389892578125 623.49688720703125 645.202392578125 728.5601806640625 728.5601806640625 513.32928466796875 -75.78101348876953125 -151.4593963623046875 -95.175689697265625 -29.58715057373046875 223.8232421875 324.739013671875 1085.0447998046875 1518.1175537109375 1650.397216796875 2240.62939453125 2371.907958984375 2804.712158203125 777.57550048828125 -801.07568359375 -1496.20654296875 -1496.20654296875 -1454.451904296875 -202.2995758056640625 -897.2059326171875 -873.5142822265625 -917.1064453125 -738.55084228515625 -584.3636474609375 -475.4173583984375 79.4183197021484375 821.359375
1134.0538330078125 -1576.0914306640625 -1547.2794189453125 -1627.369384765625 -1663.633544921875 706.56561279296875 526.42529296875 354.580352783203125 942.173095703125 969.77740478515625 -1297.861328125 -2065.997314453125 -2049.12646484375 -2066.351806640625 -1997.932373046875 -1647.2215576171875 -1647.2215576171875 -2523.8779296875 -1394.80126953125 -448.0526123046875 1128.1400146484375 1248.0531005859375 819.15313720703125 503.643768310546875 134.4791412353515625 63.42139434814453125 136.3375396728515625 558.08331298828125 1361.6817626953125 2261.3447265625 1183.950439453125 253.2244415283203125 -478.2135009765625 -478.2135009765625 -655.63470458984375 715.2431640625 855.13165283203125 1061.5216064453125 1165.0478515625 1683.1837158203125 2866.83642578125 3254.924072265625 3699.075927734375 3200.406005859375
1303.5128173828125 -1542.1015625 -1674.5732421875 -1661.9993896484375 -1602.552001953125 766.42108154296875 872.21112060546875 1005.979248046875 791.339111328125 -650.9747314453125 -1839.4937744140625 -2360.7783203125 -2423.859130859375 -2413.720947265625 -2396.46240234375 -2212.822021484375 -2212.822021484375 -1777.32080078125 -2202.582763671875 -2018.8846435546875 814.94915771484375 1156.879638671875 827.32147216796875 270.18560791015625 -45.782939910888671875 -0.5815398097038269043 -34.915096282958984375 328.4293212890625 862.929931640625 2106.486572265625 2458.927490234375 2575.54345703125 2164.778076171875 2164.778076171875 2208.3818359375 2294.34033203125 1903.404052734375 971.88623046875 1998.6549072265625 2198.74169921875 2856.862548828125 2086.85791015625 1332.37451171875 1524.4473876953125
1121.7432861328125 -385.92254638671875 -843.53118896484375 -1418.5941162109375 -399.812957763671875 134.966766357421875 602.289306640625 1808.768798828125 612.19720458984375 -804.2291259765625 -2089.7294921875 -2303.837646484375 -2287.075439453125 -2187.912841796875 -2270.317626953125 -2319.679931640625 -2319.679931640625 -2356.39599609375 -2348.961181640625 -2238.279296875 -440.918487548828125 1625.831298828125 1208.6676025390625 799.27984619140625 402.1923828125 -142.1327667236328125 72.17372894287109375 109.67205047607421875 421.9449462890625 619.09136962890625 1270.0501708984375 1641.9703369140625 2183.77001953125 2183.77001953125 2720.6328125 3334.149658203125 3105.873779296875 2985.885498046875 548.134033203125 2099.212646484375 438.237548828125 -661.10467529296875 -1110.1298828125 -697.560546875
45.330181121826171875 450.878662109375 -251.753631591796875 -542.6898193359375 -1283.660400390625 -1653.90869140625 -546.62200927734375 995.8585205078125 27.403181076049804688 -1465.5194091796875 -2286.93798828125 -2215.84033203125 -2171.11669921875 -2079.51708984375 -2115.488037109375 -2127.378173828125 -2127.378173828125 -2220.310302734375 -2252.724853515625 -2191.560791015625 -1196.055419921875 125.1529998779296875 1481.57568359375 790.97625732421875 858.75531005859375 780.85333251953125 564.452880859375 766.64642333984375 1018.6427001953125 433.750091552734375 594.43218994140625 544.41571044921875 832.65380859375 832.65380859375 2016.8592529296875 2460.78662109375 3817.02197265625 2792.78271484375 2078.2861328125 1832.478515625 -831.58404541015625 -1217.1815185546875 -1295.5775146484375 -1114.804931640625
1215.2235107421875 1116.24853515625 437.46527099609375 -1036.217041015625 -1123.92919921875 -1056.9688720703125 -836.07281494140625 561.039794921875 -67.378143310546875 -1231.564208984375 -1816.4935302734375 -1534.64208984375 -1368.6634521484375 -1112.82861328125 -1054.291015625 -746.11151123046875 -746.11151123046875 -751.86016845703125 -881.31390380859375 -706.8021240234375 -172.1280517578125 733.22216796875 981.9622802734375 671.6566162109375 -750.3853759765625 -773.9990234375 -2418.63623046875 21.768613815307617188 1646.738037109375 496.901458740234375 899.5018310546875 587.013916015625 1082.2908935546875 1082.2908935546875 1177.614013671875 723.60858154296875 -303.831390380859375 -266.724639892578125 -381.009765625 678.25872802734375 800.4029541015625 -545.0706787109375 -1556.493896484375 -1543.628662109375
459.2484130859375 -222.9469757080078125 441.992950439453125 -43.84889984130859375 -1489.173828125 -1905.6724853515625 -1211.8287353515625 -75.2321319580078125 1003.5106201171875 797.3800048828125 -679.9088134765625 -952.5457763671875 -355.253570556640625 -1065.9666748046875 -2325.3173828125 -2484.5859375 -2484.5859375 -2456.465576171875 -2116.712158203125 -870.0533447265625 1031.9847412109375 1422.791015625 1070.368896484375 -216.7651824951171875 -861.58270263671875 -679.89703369140625 -1647.2490234375 -321.51263427734375 2203.180908203125 3574.4150390625 3022.341796875 2886.8447265625 2630.590087890625 2630.590087890625 2815.1875 1416.67333984375 -310.496002197265625 -850.87200927734375 -713.5338134765625 -192.2834320068359375 284.94769287109375 429.84429931640625 598.171875 127.61238861083984375
56.324260711669921875 -517.72088623046875 -1.8575956821441650391 614.81036376953125 386.983734130859375 -450.991363525390625 -465.711151123046875 318.220489501953125 1397.47265625 1127.1451416015625 438.388275146484375 212.231842041015625 -37.729007720947265625 -2429.32275390625 -2487.813720703125 -2477.2919921875 -2477.2919921875 -2466.2060546875 -2425.813720703125 -1639.0570068359375 464.82440185546875 1736.427734375 1700.5950927734375 84.39447021484375 -746.56439208984375 -612.52362060546875 -2774.949462890625 473.806182861328125 2135.617919921875 3183.9208984375 3632.15478515625 3746.55029296875 4082.632568359375 4082.632568359375 3425.525146484375 1068.247314453125 -1589.9183349609375 -692.6519775390625 -827.908447265625 -823.0521240234375 -754.0029296875 -577.38983154296875 181.8490142822265625 152.875762939453125
469.941650390625 258.322113037109375 -429.2757568359375 -376.5977783203125 -530.27471923828125 -416.749847412109375 -195.012542724609375 237.027496337890625 921.21441650390625 1090.4056396484375 1499.9901123046875 2518.03662109375 225.154632568359375 -1904.029541015625 -2329.43115234375 -2294.857421875 -2294.857421875 -2323.185791015625 -2394.98388671875 -2191.60009765625 -175.278472900390625 1772.931640625 1032.7578125 951.03778076171875 902.42437744140625 1049.465087890625 389.73992919921875 -252.564422607421875 -590.535888671875 -822.93438720703125 198.21600341796875 1037.0743408203125 -71.82666015625 -71.82666015625 -1675.017578125 -1765.340576171875 -1671.1904296875 -1523.102294921875 -1700.2174072265625 -1898.313232421875 -1895.2984619140625 -1882.537109375 -1625.798828125 -1233.355712890625
1566.5087890625 2297.18701171875 512.17901611328125 -3.0828704833984375 -185.9515838623046875 -206.726043701171875 -310.333984375 -43.178012847900390625 322.252227783203125 384.26507568359375 814.59619140625 1971.43994140625 1745.9207763671875 -1783.4200439453125 -2041.2913818359375 -2151.95947265625 -2151.95947265625 -2163.771240234375 -2174.241455078125 -1612.3914794921875 611.20831298828125 586.68145751953125 -6.8529500961303710938 -614.5389404296875 -1160.166259765625 -643.88360595703125 255.0023040771484375 -248.566253662109375 -746.61083984375 -1015.464111328125 -1017.2823486328125 -977.76904296875 -1161.91259765625 -1161.91259765625 -1241.695068359375 -1631.453369140625 -1160.6934814453125 -1662.056884765625 -1862.4134521484375 -1848.201171875 -1732.9554443359375 -1854.45947265625 -1519.0740966796875 -1480.150634765625
-1734.56103515625 -448.76385498046875 2418.343505859375 2032.3162841796875 202.6101226806640625 -272.55206298828125 -300.91583251953125 -251.107635498046875 -174.1710968017578125 378.14898681640625 500.22943115234375 848.948974609375 1224.7420654296875 2796.16845703125 1135.7752685546875 639.621826171875 639.621826171875 35.393402099609375 252.2562103271484375 545.36956787109375 -427.603057861328125 -1124.9688720703125 -1292.4625244140625 -1541.7496337890625 -1571.3680419921875 -1588.08544921875 -715.59039306640625 -454.327850341796875 -455.580841064453125 -980.454345703125 -1055.7271728515625 -934.04058837890625 -1071.480224609375 -1071.480224609375 -2040.609619140625 -2148.843994140625 -1794.4849853515625 -1432.506103515625 -1725.7225341796875 -1615.3155517578125 -1384.58984375 -1519.892578125 -1229.8253173828125 -2199.534423828125
-1438.9661865234375 -1137.15869140625 1065.5225830078125 964.39715576171875 320.053741455078125 -600.1063232421875 -485.499481201171875 -434.09619140625 19.949371337890625 -153.06964111328125 -671.59130859375 354.4822998046875 891.16290283203125 1269.1529541015625 1474.619384765625 1365.460693359375 1365.460693359375 380.287322998046875 -1153.5113525390625 -1210.0462646484375 -1264.39111328125 -1552.30908203125 -1527.4407958984375 -1417.8697509765625 -1594.4017333984375 -1626.897216796875 -1618.1907958984375 -936.51385498046875 -783.19256591796875 -125.26723480224609375 -294.0650634765625 -1435.91015625 -3139.99609375 -3139.99609375 -3259.638671875 -3149.6982421875 -2721.97802734375 -1424.0921630859375 -1077.70556640625 -1009.29736328125 -1303.7679443359375 -954.0277099609375 -3427.308349609375 -3534.445068359375
2197.5869140625 1543.6488037109375 701.55218505859375 -0.97947144508361816406 -497.8778076171875 -571.13970947265625 -441.38323974609375 -1174.9371337890625 -187.928375244140625 126.76013946533203125 -267.18731689453125 77.0465850830078125 9.8854780197143554688 -377.435089111328125 -228.466949462890625 607.9923095703125 607.9923095703125 630.4931640625 -781.13421630859375 -1252.4605712890625 -1360.9715576171875 -1382.3736572265625 -1389.7093505859375 -1084.4857177734375 -946.28118896484375 -665.53167724609375 25.171405792236328125 -530.98565673828125 331.08819580078125 935.48052978515625 185.4981231689453125 -163.60113525390625 -1929.0185546875 -1929.0185546875 -2896.381103515625 -3103.922607421875 -1880.2803955078125 -2969.607177734375 -3016.8076171875 -3126.56494140625 -1786.5751953125 -706.864013671875 -2473.014404296875 -3284.925048828125
995.2215576171875 351.271881103515625 -52.217472076416015625 -219.1300506591796875 -456.02587890625 -493.329986572265625 -533.76263427734375 -701.04840087890625 -593.70611572265625 -211.6760406494140625 -430.71124267578125 -785.33221435546875 -615.66119384765625 -1541.34619140625 -454.181915283203125 -414.020904541015625 -414.020904541015625 676.99176025390625 551.271484375 -356.5977783203125 -1198.6201171875 -964.9669189453125 -1167.919677734375 -274.78790283203125 643.35205078125 -804.29150390625 -2443.155029296875 -2540.5751953125 -2492.74951171875 -997.3336181640625 538.93475341796875 1241.3575439453125 584.3603515625 584.3603515625 -231.1420135498046875 -251.433135986328125 -435.69293212890625 -2676.441650390625 -3223.54248046875 -3169.87841796875 -2060.0732421875 -1413.2891845703125 -1987.8780517578125 -874.217529296875
2077.9912109375 1.3190299272537231445 -223.177520751953125 -179.843719482421875 -113.602752685546875 -284.5731201171875 -212.9718170166015625 673.35809326171875 789.2784423828125 332.95916748046875 -25.350248336791992188 -479.72869873046875 -709.98724365234375 -334.661834716796875 751.78656005859375 -136.29754638671875 -136.29754638671875 -1039.414306640625 -1001.5604248046875 519.43280029296875 2979.267822265625 1226.2071533203125 315.0980224609375 574.30169677734375 1082.865966796875 -691.0062255859375 -2383.271728515625 -2555.5283203125 -2614.462646484375 -2484.056884765625 -1132.793212890625 -1087.2796630859375 -1211.777587890625 -1211.777587890625 -786.859619140625 -50.0037689208984375 -2122.167724609375 -3437.02001953125 -3505.767333984375 -3538.033447265625 -3763.139404296875 -3685.86767578125 -3724.7216796875 -3668.745849609375
-117.0422210693359375 -18.804515838623046875 -116.5752105712890625 -193.4752044677734375 -158.6829986572265625 -110.21881103515625 -47.65099334716796875 198.3040771484375 527.0404052734375 1263.946533203125 1280.844970703125 1402.32177734375 1645.41455078125 2065.746337890625 1636.7320556640625 1277.880615234375 1277.880615234375 -283.654693603515625 -318.000335693359375 1435.287353515625 1592.0447998046875 -406.424224853515625 -614.74053955078125 -700.914794921875 389.12213134765625 1117.026123046875 1111.1339111328125 -158.2647705078125 -12.611118316650390625 -161.752655029296875 -1245.2481689453125 -1153.8587646484375 -653.08770751953125 -653.08770751953125 -283.522430419921875 -645.59771728515625 -2123.85107421875 -3338.616943359375 -3707.920654296875 -3742.680419921875 -3763.26513671875 -3700.0771484375 -3616.7578125 -3541.396484375
16.555171966552734375 1103.3603515625 872.21209716796875 484.814727783203125 467.6126708984375 420.561676025390625 794.08575439453125 1832.564453125 1792.588134765625 1241.9754638671875 1397.038818359375 2251.062744140625 3150.085205078125 3869.194580078125 3222.3515625 2462.785888671875 2462.785888671875 2162.60791015625 1847.700439453125 1822.38330078125 -532.84381103515625 -896.25042724609375 600.5855712890625 1098.06103515625 1079.055419921875 403.511688232421875 31.727083206176757812 -672.52288818359375 -700.24163818359375 -1456.194580078125 -1593.686279296875 -1611.3780517578125 -1368.338623046875 -1368.338623046875 -233.8544769287109375 386.448394775390625 -1265.916748046875 -2557.927490234375 -3169.526123046875 -3243.322998046875 -3340.237060546875 -3274.339599609375 -3440.44091796875 -3434.2646484375
-454.400390625 -400.94873046875 -399.3529052734375 71.57788848876953125 414.03204345703125 422.042144775390625 509.65576171875 815.00634765625 793.24609375 926.18341064453125 1251.5306396484375 1397.415283203125 1264.3582763671875 1355.2376708984375 1825.6063232421875 2105.01318359375 2105.01318359375 1973.932373046875 1405.2901611328125 896.18438720703125 -907.5738525390625 -718.58160400390625 750.20111083984375 1261.1746826171875 -100.40560150146484375 -453.152862548828125 -344.639923095703125 -129.950897216796875 85.7038421630859375 -66.66484832763671875 -235.839385986328125 -266.640594482421875 30.975091934204101562 30.975091934204101562 747.78399658203125 1144.8426513671875 -164.97882080078125 -1475.3349609375 -3080.0263671875 -3447.277099609375 -3349.396240234375 -3303.97998046875 -3772.396728515625 -2933.654296875
-102.95352935791015625 -112.58568572998046875 314.367523193359375 1067.0877685546875 667.62591552734375 618.0357666015625 436.63775634765625 259.082305908203125 736.73089599609375 26.440013885498046875 259.47125244140625 1244.7637939453125 1271.4156494140625 844.909423828125 823.2850341796875 1119.8223876953125 1119.8223876953125 1056.8651123046875 1173.3668212890625 1277.9366455078125 2210.6845703125 1480.6873779296875 1195.8914794921875 1990.542724609375 2187.524169921875 1863.4405517578125 1438.5029296875 1501.364990234375 -379.171051025390625 -452.957794189453125 -1389.6322021484375 -585.753662109375 1371.655029296875 1371.655029296875 -2.3199937343597412109 -683.23822021484375 -831.03704833984375 -631.44488525390625 -117.3155517578125 -1113.4947509765625 -1354.2376708984375 -737.80657958984375 -576.8323974609375 -438.1654052734375
-54.229351043701171875 560.301025390625 1142.1160888671875 1718.9566650390625 1911.0281982421875 1448.340087890625 1026.1240234375 -88.7581634521484375 -2524.189453125 -525.353515625 -872.590576171875 -534.99639892578125 -706.1046142578125 -1715.401611328125 -1823.329345703125 -1251.7071533203125 -1251.7071533203125 -232.818878173828125 395.910675048828125 462.024444580078125 1195.9259033203125 1531.95458984375 1754.1016845703125 696.7659912109375 -584.41326904296875 -484.08514404296875 1242.7841796875 1766.8446044921875 1337.8466796875 -1040.3597412109375 -1746.9482421875 -1647.99951171875 640.5567626953125 640.5567626953125 22.812862396240234375 49.689380645751953125 -550.5635986328125 -795.46337890625 -866.587646484375 -804.092041015625 36.668598175048828125 22.13036346435546875 -479.001373291015625 -586.764404296875
