hypsometry_terrestrial_planets_input/topography/moon.lola.cea.asc
ncols        767
nrows        244
xllcorner    -5458203.076346907765
yllcorner    -1735074.021618621424
cellsize     14231.450908273038
[rows 200 to 219 of 244, columns 528 to 571 of 767]
272.65350341796875 -587.31536865234375 -587.31536865234375 -521.0966796875 -402.2279052734375 -773.18701171875 -183.166259765625 -524.1527099609375 -401.078643798828125 -441.9739990234375 -270.270294189453125 322.36798095703125 -373.357421875 -1557.722412109375 -1919.467041015625 -1456.9442138671875 -1491.3804931640625 -2415.63330078125 -2415.63330078125 -2452.48291015625 -2477.541259765625 -1413.2445068359375 -34.5521697998046875 47.131099700927734375 -1166.3306884765625 -1475.09912109375 -1369.9794921875 -1431.07568359375 -1286.8040771484375 -1535.530517578125 -1808.1822509765625 -1537.566162109375 -1647.8785400390625 -1248.93603515625 -1248.93603515625 578.7589111328125 -2055.14697265625 -2405.123046875 -432.3790283203125 -786.47125244140625 -714.13275146484375 -876.485107421875 -603.5494384765625 -497.259796142578125
-440.90203857421875 -381.07501220703125 -381.07501220703125 -497.21527099609375 -383.1468505859375 -768.1884765625 -734.686767578125 -643.4700927734375 -753.196044921875 -831.79095458984375 -763.32379150390625 -339.85418701171875 -184.9002838134765625 -65.124664306640625 -513.56085205078125 -449.0904541015625 -295.4376220703125 -55.98979949951171875 -55.98979949951171875 -1121.1820068359375 -63.053897857666015625 -248.7111358642578125 -549.83203125 -560.730712890625 -425.297943115234375 -1387.054443359375 -1562.7904052734375 -1566.1231689453125 -1772.34375 -1745.7174072265625 -1773.229248046875 -1695.472900390625 -1451.82568359375 -8.744350433349609375 -8.744350433349609375 111.27277374267578125 -208.9432220458984375 -161.473907470703125 -454.15374755859375 234.8421630859375 -113.883636474609375 -361.12176513671875 -453.124267578125 -756.43609619140625
-266.8895263671875 -316.602630615234375 -316.602630615234375 -471.661407470703125 -556.00335693359375 -289.995697021484375 -620.8099365234375 -780.709716796875 -854.72906494140625 -762.83465576171875 -858.10821533203125 -805.48529052734375 -403.5369873046875 -718.6187744140625 -514.189453125 -498.064300537109375 -503.85162353515625 -398.202362060546875 -398.202362060546875 -393.13189697265625 -376.127166748046875 -314.006134033203125 -680.6746826171875 -748.33935546875 -637.8758544921875 -14.416059494018554688 -103.31151580810546875 -1001.14215087890625 -1708.706298828125 -1737.406982421875 -1707.0062255859375 -1256.9241943359375 -338.97393798828125 -115.2353515625 -115.2353515625 -122.95107269287109375 -190.025665283203125 -279.17474365234375 -171.1791839599609375 -212.774749755859375 -421.211883544921875 -191.94415283203125 -288.54327392578125 -409.42596435546875
-11.752252578735351562 -134.100860595703125 -134.100860595703125 -542.45135498046875 -675.02630615234375 -569.70208740234375 -735.381591796875 -742.50274658203125 -790.26885986328125 -791.778076171875 -770.9482421875 -919.9398193359375 -981.62359619140625 -936.60931396484375 -950.39776611328125 -453.67901611328125 -122.1152801513671875 -468.043670654296875 -468.043670654296875 -203.53118896484375 -245.7274017333984375 -553.50262451171875 -729.3636474609375 -795.23052978515625 -858.52813720703125 -785.47991943359375 -632.57537841796875 -265.53302001953125 -365.315887451171875 -178.67413330078125 -147.842010498046875 -145.7144012451171875 94.29988861083984375 239.3885955810546875 239.3885955810546875 403.800323486328125 285.15277099609375 280.975189208984375 -119.94495391845703125 -442.61090087890625 -610.0535888671875 -155.940704345703125 234.337799072265625 37.4658660888671875
-621.0948486328125 -667.73095703125 -667.73095703125 -485.975799560546875 -457.168914794921875 -688.4095458984375 -987.21484375 -1247.740234375 -1174.7481689453125 -851.83612060546875 -917.40472412109375 -975.345458984375 -874.96240234375 -328.65948486328125 -954.87969970703125 -953.2906494140625 -256.1854248046875 -277.586761474609375 -277.586761474609375 -74.14696502685546875 25.338314056396484375 -613.73095703125 -918.30303955078125 -902.95361328125 -915.861083984375 -852.8963623046875 -786.23675537109375 -1006.49908447265625 -425.318695068359375 -284.130645751953125 -31.901271820068359375 611.66949462890625 563.672119140625 128.39617919921875 128.39617919921875 -1411.8861083984375 -1201.510986328125 -613.3111572265625 -81.4525909423828125 -272.98492431640625 749.9635009765625 927.6527099609375 777.7244873046875 1254.3616943359375
-1255.9783935546875 -2342.247802734375 -2342.247802734375 -715.71868896484375 -616.9617919921875 -972.42254638671875 -96.95178985595703125 -1835.23486328125 -2110.209228515625 -1137.8338623046875 -376.3409423828125 -1132.396484375 -723.39044189453125 -307.876434326171875 -358.455474853515625 -2001.609375 -2124.63232421875 -2047.079345703125 -2047.079345703125 -2172.68359375 -2029.0452880859375 -341.19073486328125 -941.7882080078125 -1026.7841796875 -1105.66943359375 -1066.1473388671875 -1040.055419921875 -1116.6494140625 -361.441925048828125 -397.2816162109375 -604.15771484375 -662.031005859375 -225.2494049072265625 -1979.11474609375 -1979.11474609375 -3311.441162109375 -3350.617431640625 -2780.237060546875 -185.7449493408203125 -265.181549072265625 -430.2945556640625 1259.176513671875 605.47296142578125 931.11962890625
-709.90948486328125 -1262.0169677734375 -1262.0169677734375 -1218.550048828125 -445.744964599609375 -857.13861083984375 -236.3895263671875 -1432.666015625 -1996.673828125 -267.321136474609375 -667.3236083984375 -1095.509765625 -539.6552734375 -541.463623046875 -1320.520751953125 -2217.6435546875 -2229.473388671875 -2231.711669921875 -2231.711669921875 -2191.445556640625 -1916.17919921875 -1473.2408447265625 -320.22222900390625 -664.88397216796875 -774.30023193359375 -726.4512939453125 -801.14471435546875 -966.4161376953125 -287.835968017578125 286.20257568359375 -677.251953125 -779.97998046875 -767.676513671875 -269.7557373046875 -269.7557373046875 -617.26922607421875 -681.2532958984375 -194.8560333251953125 -526.16583251953125 -722.197265625 -657.2054443359375 977.201904296875 883.7235107421875 869.43011474609375
-544.36651611328125 -499.707763671875 -499.707763671875 -1472.4151611328125 -642.568603515625 -867.5802001953125 -846.1226806640625 -535.3917236328125 -526.2216796875 -885.22100830078125 -893.58282470703125 -994.3575439453125 -506.826873779296875 -691.29693603515625 -1275.98388671875 -2216.440185546875 -2248.864013671875 -2230.8798828125 -2230.8798828125 -1898.8673095703125 -1834.5633544921875 -1852.75439453125 -91.26177978515625 -690.95263671875 -715.08306884765625 -711.18048095703125 -763.70623779296875 -827.37506103515625 -93.03803253173828125 -494.58099365234375 -642.53436279296875 -589.41973876953125 -737.616943359375 -747.6097412109375 -747.6097412109375 -424.13421630859375 -428.802001953125 -612.50152587890625 -832.30828857421875 -691.63726806640625 -575.54736328125 1036.38525390625 933.2005615234375 -403.794708251953125
465.041015625 110.566162109375 110.566162109375 -514.29241943359375 -683.96405029296875 -1005.431884765625 -752.9285888671875 -1265.61083984375 -505.02618408203125 -1144.119873046875 -1188.750732421875 -1088.16259765625 -1168.8768310546875 -1146.6019287109375 -895.55413818359375 -646.8499755859375 -551.50689697265625 358.468536376953125 358.468536376953125 -671.7821044921875 -662.7166748046875 -950.92425537109375 -1102.405517578125 -1133.3272705078125 -637.86431884765625 -302.723052978515625 -523.94793701171875 -271.103363037109375 -477.89324951171875 -278.91326904296875 237.013031005859375 -391.55584716796875 -365.389862060546875 -317.107879638671875 -317.107879638671875 -239.4561004638671875 -203.728424072265625 354.03289794921875 459.105865478515625 -95.035736083984375 -122.2018280029296875 -6.9374179840087890625 87.582061767578125 84.57649993896484375
-517.275146484375 399.6556396484375 399.6556396484375 -1027.6932373046875 -780.01934814453125 -1114.338623046875 -1521.349365234375 -556.80010986328125 -451.006256103515625 -1007.03485107421875 -956.73541259765625 -784.2073974609375 -1058.2615966796875 -1213.263916015625 -1135.583740234375 -1138.051513671875 -1014.75421142578125 -425.951202392578125 -425.951202392578125 -1066.5848388671875 -1126.1671142578125 -1198.373046875 -1287.832763671875 -1117.2354736328125 -399.97296142578125 -410.3043212890625 -222.9222869873046875 96.8614501953125 -270.85955810546875 -358.178741455078125 -303.116607666015625 -405.12554931640625 -408.304229736328125 -323.80511474609375 -323.80511474609375 -242.9327392578125 -115.85967254638671875 176.8622589111328125 272.9278564453125 -147.048370361328125 14.204229354858398438 232.7471923828125 263.498504638671875 -55.854480743408203125
-3058.3916015625 -2325.987548828125 -2325.987548828125 -725.7369384765625 -353.9610595703125 -1005.0616455078125 -590.96954345703125 -1223.5372314453125 -2887.077880859375 -2678.927734375 -1476.1297607421875 -1119.4100341796875 -1297.6993408203125 -1325.850341796875 -1236.4200439453125 -1254.291748046875 -1092.6688232421875 -878.2109375 -878.2109375 -1124.651123046875 -1196.203369140625 -1203.429443359375 -780.97943115234375 -734.15765380859375 -622.90631103515625 -268.510528564453125 -310.550506591796875 -240.8739013671875 -216.889739990234375 -74.021728515625 13.606177330017089844 -378.261993408203125 -378.743988037109375 -321.257293701171875 -321.257293701171875 -194.3457794189453125 -63.472591400146484375 -1027.23486328125 -1864.5880126953125 -1083.5162353515625 372.25360107421875 171.6937408447265625 118.99257659912109375 1663.0928955078125
-3035.401123046875 -1774.247314453125 -1774.247314453125 621.09942626953125 -170.88201904296875 -988.12152099609375 -980.02398681640625 -1449.29833984375 -2478.56298828125 -1524.013427734375 -658.3856201171875 -928.4093017578125 -1256.427978515625 -1252.6439208984375 -1310.9378662109375 -1371.9813232421875 -1383.6328125 -1093.737548828125 -1093.737548828125 -912.16961669921875 -1026.38037109375 -1074.6436767578125 -531.98638916015625 -124.5341796875 -145.08392333984375 -237.81719970703125 -356.0687255859375 -287.60211181640625 -267.25128173828125 -16.562425613403320312 -373.419403076171875 -159.6137237548828125 -195.9828033447265625 -128.630279541015625 -128.630279541015625 -209.7001190185546875 -323.75372314453125 -105.21524810791015625 274.768524169921875 1070.3131103515625 1263.6636962890625 893.916015625 829.2078857421875 1188.27880859375
-854.28643798828125 -1487.537109375 -1487.537109375 -509.405181884765625 -120.97638702392578125 -953.7333984375 -1074.50634765625 -1238.292724609375 -1019.72283935546875 -1911.9697265625 -2163.987548828125 -783.48553466796875 -1204.402587890625 -1294.8585205078125 -1365.0679931640625 -1326.2822265625 -1245.330078125 -1109.8128662109375 -1109.8128662109375 -928.09283447265625 -1049.8079833984375 -1343.241455078125 -620.9581298828125 363.236968994140625 295.472198486328125 273.1734619140625 171.7945404052734375 196.974884033203125 -9.7493305206298828125 -44.7024993896484375 -188.7279205322265625 -419.900482177734375 -383.347137451171875 -306.276947021484375 -306.276947021484375 -352.23388671875 -143.1187896728515625 21.119495391845703125 141.71490478515625 874.5062255859375 1188.6451416015625 775.45245361328125 634.90521240234375 641.546142578125
-2752.06884765625 -271.669403076171875 -271.669403076171875 -45.58844757080078125 -341.3792724609375 -675.57269287109375 -466.847015380859375 -570.0826416015625 -2686.770263671875 -2822.579345703125 -2866.756591796875 -1784.7091064453125 -1430.239013671875 -1447.1177978515625 -1415.1353759765625 -1278.142578125 -1228.4227294921875 -888.67095947265625 -888.67095947265625 -1145.1981201171875 -1253.130126953125 -1289.319580078125 -301.13165283203125 83.1493682861328125 446.905853271484375 810.22021484375 1154.1243896484375 665.475830078125 788.07647705078125 473.63433837890625 362.84259033203125 282.589263916015625 242.3635711669921875 159.8660736083984375 159.8660736083984375 299.24078369140625 184.6145782470703125 -211.51861572265625 81.3409576416015625 154.08013916015625 156.35833740234375 397.411590576171875 447.799224853515625 413.184844970703125
-1745.5936279296875 -2203.588623046875 -2203.588623046875 -2170.853271484375 -1970.355712890625 -212.5513916015625 -728.39068603515625 -727.6082763671875 -1671.829833984375 -1949.829833984375 -1477.5953369140625 -1497.2591552734375 -1578.0284423828125 -1569.03662109375 -1418.742431640625 -757.9951171875 -728.75994873046875 -852.60162353515625 -852.60162353515625 -1096.4544677734375 -1005.9283447265625 -715.316650390625 -409.025421142578125 304.240509033203125 1033.9625244140625 -516.71551513671875 -523.0078125 -33.399982452392578125 1264.30029296875 225.9930419921875 -378.194000244140625 -1439.3887939453125 -1389.6566162109375 -1205.27294921875 -1205.27294921875 -1091.7911376953125 -1109.7718505859375 -1156.18017578125 -1203.7193603515625 -1195.943359375 -1168.17724609375 -905.339111328125 -396.079132080078125 375.358154296875
-986.4803466796875 -2001.7027587890625 -2001.7027587890625 -1796.3970947265625 -267.515838623046875 -16.196994781494140625 -1506.4697265625 -2016.909423828125 -2087.671630859375 -1990.8128662109375 -2880.79638671875 -1005.389404296875 -1534.1588134765625 -1528.0435791015625 -1313.31689453125 -1161.9837646484375 -882.93243408203125 -932.57635498046875 -932.57635498046875 -701.545166015625 -759.29949951171875 -557.10302734375 -339.93939208984375 -146.48956298828125 1001.1234130859375 1482.8289794921875 1324.5341796875 1070.229736328125 318.6265869140625 -406.95013427734375 -1485.044921875 -1452.14990234375 -1398.943359375 -1253.3055419921875 -1253.3055419921875 -1124.35205078125 -1154.7093505859375 -1212.4903564453125 -1257.347900390625 -1294.8995361328125 -1284.0184326171875 -1231.9903564453125 -903.9913330078125 37.822269439697265625
-1698.9442138671875 -244.866485595703125 -244.866485595703125 -1226.9854736328125 -2255.371826171875 -484.279937744140625 -2091.824951171875 -2144.309814453125 -2190.067626953125 -2251.902587890625 -1526.177978515625 -694.4102783203125 -590.0391845703125 -544.61846923828125 -112.6552276611328125 -272.938446044921875 -1050.6226806640625 -1045.252197265625 -1045.252197265625 -878.09027099609375 -463.585784912109375 -581.50323486328125 -698.334716796875 -702.825927734375 -646.2642822265625 -227.99853515625 -1575.54638671875 -100.8216705322265625 -740.23748779296875 -1223.017333984375 -1544.935302734375 -1406.43896484375 -1385.7733154296875 -1311.94775390625 -1311.94775390625 -1213.9171142578125 -1171.857666015625 -1200.8836669921875 -1222.9766845703125 -1310.19921875 -1326.9425048828125 -1307.0242919921875 -1063.87060546875 -6.8422613143920898438
-711.85906982421875 -726.466064453125 -726.466064453125 -593.40277099609375 -488.264068603515625 -880.68231201171875 -191.5479888916015625 -833.23388671875 -1157.578369140625 -215.9558868408203125 -24.696084976196289062 -1170.0533447265625 -1235.58642578125 -772.48724365234375 -1509.345458984375 -1202.693603515625 -838.2535400390625 -750.55316162109375 -750.55316162109375 -472.765838623046875 -561.93182373046875 -696.6962890625 -709.9964599609375 -705.464599609375 -615.08343505859375 186.655975341796875 41.35092926025390625 -70.52796173095703125 -410.4310302734375 -809.79718017578125 -1380.5179443359375 -1352.53515625 -1371.76513671875 -1354.4427490234375 -1354.4427490234375 -1262.08837890625 -1166.6229248046875 -1144.1785888671875 -1325.584716796875 -1256.26611328125 -1294.6961669921875 -1217.03173828125 -1137.79150390625 -273.503692626953125
-243.934478759765625 102.69106292724609375 102.69106292724609375 -177.8262176513671875 118.5321807861328125 -235.4866485595703125 -265.038482666015625 -215.2338714599609375 -80.21661376953125 -1186.8660888671875 -1292.3189697265625 -1221.9532470703125 -1102.1568603515625 -808.84814453125 -1343.10205078125 -1410.7562255859375 -1393.805419921875 -945.546142578125 -945.546142578125 283.17498779296875 -506.94354248046875 -557.5391845703125 -565.77685546875 -552.63421630859375 -550.14434814453125 -608.6240234375 -411.396514892578125 685.1591796875 772.22882080078125 855.9429931640625 -193.74688720703125 -716.79937744140625 -721.9344482421875 -1169.2869873046875 -1169.2869873046875 -1504.555419921875 -964.28009033203125 -1058.339111328125 -1060.017822265625 -968.31488037109375 -778.458740234375 -258.703216552734375 128.566741943359375 323.348419189453125
-498.44195556640625 -2102.84326171875 -2102.84326171875 -2141.207763671875 -2148.91064453125 -269.730255126953125 -89.48415374755859375 -421.138275146484375 -1139.470947265625 -1214.918701171875 -1238.7156982421875 -1209.1279296875 -1262.8184814453125 -1254.5023193359375 -1309.055908203125 -1312.087890625 -1115.4678955078125 -699.7073974609375 -699.7073974609375 620.38134765625 361.572845458984375 -138.8696136474609375 77.80623626708984375 -119.82621002197265625 -573.41326904296875 -534.1829833984375 60.43434906005859375 145.2884674072265625 445.759063720703125 526.7679443359375 1293.31591796875 1081.3662109375 631.39605712890625 479.284271240234375 479.284271240234375 -303.586578369140625 -856.2662353515625 -918.90313720703125 -262.00347900390625 28.318944931030273438 446.013397216796875 431.64288330078125 867.8690185546875 1154.0506591796875
