hypsometry_terrestrial_planets_input/topography/venus.magellan.filled.cea.asc
ncols        767
nrows        244
xllcorner    -19012290.420994713902
yllcorner    -6043698.033861845732
cellsize     49571.713253532158
[rows 200 to 239 of 244, columns 0 to 88 of 767]
323 318 324 260 272 325 404 599 599 766 788 731 539 441 400 389 422 236 80 192 238 249 263 291 291 455 407 532 523 321 549 685 436 218 520 453 135 364 314 394 489 489 497 437 484 517 476 582 823 881 793 878 1031 1175 1236 1254 1359 1359 1457 1464 1486 1395 1379 1667 1589 1510 1617 1592 1486 1306 1197 1336 1337 1337 1125 1053 989 960 934 863 756 663 616 689 753 580 594 641 674
251 207 206 205 197 233 245 265 265 261 278 312 367 362 402 288 325 301 291 438 288 325 385 154 154 429 88 -86 -103 97 479 556 471 363 127 286 136 148 346 521 580 580 540 645 775 742 836 816 884 933 952 1054 1210 1380 1446 1408 1546 1546 1681 1833 2039 2061 2163 2273 1844 1752 1686 1643 1598 1564 1554 1618 1470 1470 1267 1192 1205 1187 1050 918 829 773 746 583 530 509 418 373 383
250 227 269 214 185 227 253 248 248 217 213 433 404 240 202 151 261 262 507 437 376 306 91 25 25 308 392 68 98 659 381 353 161 -233 233 462 152 313 448 510 480 480 597 846 938 775 742 780 934 1216 1140 1221 1450 1493 1489 1418 1586 1586 1825 2008 2143 2138 2167 2193 2077 1976 1872 1778 1715 1718 1773 1763 1610 1610 1437 1253 1230 1148 1039 962 872 793 744 761 682 646 490 386 390
260 259 231 228 199 291 286 241 241 224 281 294 191 84 122 206 244 201 318 408 356 229 80 71 71 202 242 44 72 275 501 352 141 186 95 301 336 407 442 464 490 490 635 975 1258 1105 969 797 834 1175 1332 1408 1549 1353 1326 1486 1763 1763 1924 2004 2011 2166 2421 2427 2333 2204 2043 1896 1827 1805 1907 1756 1613 1613 1523 1377 1221 1159 1092 1034 910 928 955 723 561 561 473 370 344
262 286 265 242 272 240 202 234 234 211 199 118 149 94 167 200 160 162 461 345 258 360 325 263 263 341 106 -325 -332 247 613 503 361 358 130 296 434 414 418 443 474 474 579 1010 1106 1003 889 738 773 1013 1175 1259 1402 1362 1491 1593 1848 1848 2051 2200 1914 1835 2126 2422 2395 2298 2148 2010 1932 1976 1945 1769 1604 1604 1494 1340 1258 1220 1166 1091 1054 1197 1063 727 575 474 457 396 341
165 271 330 328 207 62 -14 4 4 19 -31 0 205 309 169 223 239 297 122 119 209 298 367 444 444 445 108 -3 75 772 325 369 547 773 934 591 260 327 406 396 479 479 530 658 626 653 713 897 1065 1028 1045 971 1181 1375 1281 1499 1839 1839 1999 2087 2195 2283 2282 2367 2447 2111 1978 2032 2074 2095 2026 1981 1888 1888 1745 1614 1491 1345 1371 1520 1279 1061 953 906 862 887 653 595 562
214 374 500 413 262 60 -45 13 13 102 89 -29 88 265 273 167 324 424 236 130 129 303 594 585 585 308 -198 -115 142 544 282 415 578 784 1071 673 537 531 623 670 510 510 464 502 535 585 680 770 825 791 915 959 969 1136 1489 1894 1914 1914 1791 1916 2022 2144 2270 2423 2262 2048 1831 1776 1867 1995 1917 1946 1929 1929 1810 1715 1619 1515 1607 1478 1177 1063 1017 976 965 971 848 809 698
360 603 647 454 211 38 -55 110 110 29 80 162 335 163 65 55 237 33 -109 -34 215 671 518 -126 -126 -458 563 447 38 74 112 283 443 485 481 559 984 1021 793 756 703 703 676 671 726 909 951 635 595 630 716 852 1058 1321 1763 1765 1528 1528 1605 1690 1793 1890 2065 2300 2277 1928 1620 1567 1919 1892 1871 1899 1840 1840 1830 1758 1717 1773 1714 1423 1194 1098 1005 903 924 957 868 677 512
481 568 514 323 173 38 96 160 160 232 273 76 -130 -95 113 134 -2 -53 -45 149 363 297 -67 -337 -337 -392 -348 -142 3 -5 119 403 474 515 485 331 366 516 622 599 472 472 385 536 744 861 1015 794 690 598 528 592 747 935 1114 1267 1641 1641 1480 1334 1375 1570 1687 1675 1581 1464 1422 1423 1378 1512 1640 1659 1672 1672 1688 1766 1856 1846 1512 1418 1303 1158 1081 992 827 688 582 459 502
646 568 477 417 312 223 92 186 186 203 136 61 78 70 -4 83 28 48 145 409 469 282 -87 -186 -186 -308 -267 52 126 9 157 293 363 503 582 364 296 514 463 392 507 507 421 509 744 815 845 782 637 734 695 750 874 938 958 815 1089 1089 1384 1316 1372 1421 1514 1759 1586 1547 1436 1319 1253 1309 1632 1796 2057 2057 2210 2030 1942 1617 1514 1473 1428 1197 1137 973 895 744 633 635 576
600 505 318 233 235 180 234 314 314 356 369 283 158 28 46 42 -216 -315 -122 558 542 87 -229 -416 -416 -352 509 59 223 161 -67 160 596 718 420 318 123 326 314 377 354 354 471 484 506 554 599 638 623 758 596 594 968 854 627 718 883 883 1080 1094 1088 1210 1541 1599 1510 1650 1535 1245 1202 1235 1656 2893 3475 3475 3652 3181 2534 1765 1610 1571 1574 1494 1243 954 786 692 499 471 504
512 461 238 166 79 61 76 163 163 274 255 161 78 -87 -123 -59 -140 -150 194 448 -87 140 412 305 305 -60 -241 -244 82 647 308 226 357 364 219 264 379 407 370 302 275 275 302 544 725 502 521 787 810 896 741 739 491 731 879 699 943 943 1088 922 829 826 1114 1277 1465 1477 1564 1560 1606 1563 1702 2106 2452 2452 2675 2399 1949 1520 1429 1414 1403 1291 1173 1052 1013 748 481 562 429
419 340 202 192 197 135 70 84 84 157 95 34 -30 -118 -68 -33 -193 72 287 25 -11 409 496 140 140 -29 -88 13 135 424 366 111 253 317 248 262 376 400 339 166 295 295 357 203 515 523 569 744 763 589 677 545 299 709 667 470 757 757 648 594 791 814 899 1067 1217 1356 1424 1582 1620 1546 1461 1469 1478 1478 1519 1614 1577 1499 1460 1302 1087 1085 1038 972 896 819 595 437 386
303 240 175 157 147 99 41 14 14 44 9 -44 32 85 115 -149 -87 147 16 -114 -137 27 -61 -85 -85 -74 3 40 -70 -55 125 79 264 205 245 382 393 328 265 282 238 238 165 114 538 565 600 694 594 522 510 417 766 555 322 278 459 459 783 712 590 762 918 1149 1484 1506 1475 1514 1517 1454 1420 1244 1148 1148 1198 1451 1536 1537 1495 1239 1017 1002 911 943 616 393 348 344 333
293 251 195 128 61 19 -75 -26 -26 49 -80 -13 127 393 211 61 119 18 -153 -177 -127 -143 -161 178 178 -40 -182 -159 -124 -70 35 36 38 114 156 282 344 233 395 422 272 272 162 183 293 360 452 461 533 576 584 453 402 541 501 478 493 493 503 516 466 511 733 901 1044 1111 966 969 980 990 1036 973 982 982 1117 1055 905 878 863 880 862 850 869 848 714 539 335 205 116
310 247 143 69 -10 -29 -2 -2 -2 -60 -40 71 211 374 112 37 2 -114 -162 13 54 31 86 -106 -106 -176 -140 -104 -88 -132 -25 26 132 107 42 217 492 704 573 257 205 205 199 180 271 453 456 331 293 387 556 640 608 652 593 454 504 504 421 388 570 539 514 614 665 816 1065 1047 929 763 855 990 1264 1264 1064 867 1004 905 799 770 749 712 675 625 559 488 354 304 243
297 272 274 304 200 -55 -104 -49 -49 -40 33 40 0 -35 -6 -15 -150 -107 213 493 478 122 -200 -210 -210 -133 -35 182 305 -19 -325 -178 -9 97 -84 -92 15 131 126 184 239 239 218 266 384 237 101 124 237 512 344 347 159 165 251 328 287 287 452 513 367 454 560 768 725 553 526 597 587 608 776 967 788 788 648 850 952 910 833 843 643 450 344 281 314 267 155 100 63
356 354 282 259 177 72 42 -82 -82 -143 -116 -173 -161 -30 70 9 -14 -152 -273 -180 -138 -168 -236 -190 -190 -112 -23 127 197 -45 -123 7 60 40 -33 -50 149 202 228 181 237 237 245 303 249 252 264 269 493 679 245 219 370 405 461 396 439 439 492 378 321 506 789 691 586 477 502 698 872 835 1151 1021 630 630 597 732 707 620 614 574 456 325 244 219 125 81 31 -19 -99
25 47 177 233 136 81 -68 -171 -171 -165 -142 50 190 251 249 -8 -260 -297 -222 -144 -135 -132 -156 -226 -226 -284 -232 -115 -80 27 231 106 -36 -41 -53 155 185 112 191 288 358 358 372 312 311 287 241 450 759 993 761 568 455 444 353 267 349 349 528 650 549 886 993 793 528 402 625 1187 1067 816 598 478 448 448 434 482 506 559 468 407 310 221 204 207 172 70 68 46 -79
93 122 144 113 118 96 -25 -109 -109 -233 -260 -199 -70 1 130 -14 -171 -235 -214 -124 -107 -148 -233 -184 -184 -78 -50 -1 75 307 183 -70 -76 -59 -50 95 34 5 53 167 246 246 203 192 252 311 320 405 541 650 745 675 501 466 374 354 436 436 522 653 675 750 911 590 500 783 986 1040 812 575 308 316 376 376 422 374 358 351 342 388 389 336 331 237 121 50 9 -49 -100
266 327 274 160 148 154 88 -34 -34 -77 -123 -72 14 45 -60 -214 -239 -203 -94 -125 -213 -316 -159 173 173 38 -149 -164 -103 -135 -48 96 24 -12 -7 -9 31 88 169 245 222 222 192 156 211 207 201 207 207 279 597 631 629 517 560 621 617 617 598 512 519 1202 1032 756 818 1034 933 800 710 571 404 248 222 222 238 200 135 107 97 65 3 -48 -52 11 -20 -103 -187 -139 -183
263 252 164 32 -59 -123 -179 -255 -255 -165 -96 -122 24 165 210 165 123 23 -21 -89 -91 -20 -85 -52 -52 -96 -120 -145 -135 -62 -14 -30 31 18 26 85 96 129 154 176 153 153 170 188 243 348 447 541 445 307 540 770 969 829 623 581 439 439 336 532 730 588 388 503 477 394 325 337 307 229 166 135 81 81 -33 -25 20 85 53 118 190 245 157 -18 -109 -167 -191 -156 35
230 202 132 48 -72 -117 -102 30 30 -213 -260 -158 73 222 204 158 56 -107 -188 -197 -211 -166 -72 -67 -67 -83 -70 -87 -116 -87 -108 -86 -42 12 118 117 133 138 96 218 243 243 167 194 266 341 414 495 401 382 654 795 622 439 248 97 -17 -17 -93 394 611 293 354 592 378 197 220 237 248 199 114 63 26 26 -39 66 115 5 71 121 119 104 50 -7 -94 -142 -173 -138 9
328 225 44 -23 2 83 -38 -101 -101 -192 -225 -232 -148 -51 192 264 223 3 -138 -96 -34 -83 -72 -62 -62 -71 -8 -33 -56 73 114 167 196 145 120 154 148 112 114 221 288 288 290 213 190 280 509 534 601 580 530 270 103 61 -77 -17 21 21 98 354 321 361 412 436 386 292 220 204 225 233 241 202 71 71 84 -53 -105 -9 70 19 -6 29 137 332 264 138 111 115 263
114 60 84 45 -20 -55 -83 -132 -132 -154 -126 -101 -60 -60 -131 -64 57 -95 -183 -203 -180 -132 -68 -27 -27 3 22 -9 -98 -82 -4 29 78 139 178 259 379 474 605 644 606 606 547 608 645 773 839 730 757 685 566 484 510 625 807 889 407 407 396 435 383 259 393 658 584 375 127 40 36 80 118 134 107 107 70 44 -66 -36 -18 -74 -95 -74 -43 -77 -95 -72 -33 50 114
91 49 30 -83 -112 -68 -110 -121 -121 -102 -93 -81 -82 -82 -49 14 33 -189 -270 -242 -155 -51 -22 49 49 85 40 -69 -110 -49 15 81 151 134 179 268 360 343 332 303 248 248 208 301 554 713 717 604 542 527 472 628 902 1043 1106 457 474 474 618 676 662 539 591 811 785 439 303 275 255 283 323 371 289 289 175 -27 -86 47 36 -21 -57 -53 -25 -2 -3 -70 -64 -29 -17
-35 -46 -81 -142 -161 -215 -244 -204 -204 -183 -159 -131 -135 -145 -114 -64 -16 1 5 17 -17 -9 90 145 145 349 465 476 531 565 556 458 493 404 363 315 241 215 147 128 25 25 10 122 388 557 598 556 432 375 378 393 475 567 692 626 438 438 309 329 423 413 441 569 725 730 585 472 431 269 197 129 18 18 -66 -184 81 334 269 175 141 259 450 563 604 528 439 337 167
187 313 349 155 76 -56 -70 -16 -16 -48 -4 -83 -21 51 69 -36 -230 -194 -97 -45 -8 18 31 35 35 38 68 71 48 82 83 74 89 106 96 136 116 150 206 283 452 452 477 338 285 331 329 242 216 85 -59 -44 533 1195 320 -242 -149 -149 62 144 273 333 346 313 228 129 93 99 137 135 105 40 4 4 5 3 79 222 236 199 189 246 466 536 508 434 359 331 414
86 82 48 28 -14 -25 139 185 185 169 44 29 -42 -73 -123 24 65 109 80 72 89 143 199 225 225 243 283 320 359 350 290 286 278 291 159 208 309 542 618 692 360 360 213 102 33 -18 -102 -138 -93 142 687 887 690 -241 -269 -129 53 53 111 121 157 201 221 183 196 128 84 42 28 -15 56 174 83 83 -18 44 90 205 211 166 99 88 85 99 145 176 220 232 317
323 350 300 263 152 51 6 -15 -15 -26 -17 -49 -21 28 67 79 115 122 128 88 113 140 187 296 296 336 462 587 580 570 397 218 209 592 617 674 546 526 500 429 482 482 532 454 423 398 370 449 666 512 426 373 375 292 65 99 134 134 163 246 374 420 367 251 81 76 29 120 159 169 134 162 226 226 260 245 285 340 376 329 312 306 298 297 349 370 325 371 367
475 378 345 266 230 146 129 95 95 97 103 90 122 96 93 76 102 115 125 143 147 259 346 360 360 485 536 449 386 146 263 300 487 409 372 370 399 335 227 151 136 136 127 148 150 124 301 655 774 696 538 271 319 353 533 666 675 675 591 471 429 324 303 315 301 304 293 366 401 414 425 498 621 621 717 728 552 438 450 507 509 496 479 439 506 473 373 238 207
256 232 184 164 138 172 173 148 148 95 106 150 206 209 217 187 176 145 283 373 399 636 390 496 496 486 347 224 243 247 208 186 183 260 518 560 510 391 329 264 254 254 211 253 228 615 793 618 412 450 386 358 328 380 371 312 301 301 253 238 240 253 347 360 373 331 342 385 383 366 334 212 149 149 96 207 225 362 282 237 248 283 336 388 417 443 485 479 540
147 175 113 71 102 120 154 168 168 199 197 237 245 295 355 557 561 510 409 287 228 176 180 150 150 153 161 247 274 376 317 273 175 167 215 231 412 553 637 677 648 648 597 498 500 532 647 719 734 735 683 590 479 485 406 369 339 339 260 276 484 331 271 390 515 509 469 385 310 248 212 220 164 164 228 293 311 255 157 140 130 240 259 471 474 631 585 548 553
217 222 203 156 45 6 111 105 105 115 -15 146 103 149 200 199 230 296 276 170 181 181 266 327 327 381 431 349 350 239 199 170 156 124 172 273 267 304 356 191 205 205 224 223 324 514 634 737 736 713 682 640 584 607 509 432 320 320 276 252 292 404 443 570 744 630 535 472 467 466 505 494 511 511 435 389 406 420 475 424 312 316 336 394 431 507 479 497 405
60 69 61 28 27 -8 4 56 56 191 262 446 430 487 500 466 449 449 444 467 403 399 395 414 414 356 394 450 416 479 459 465 532 561 533 534 514 516 464 453 425 425 490 563 596 639 688 715 700 730 741 736 684 711 782 649 508 508 489 476 526 505 456 493 548 609 653 630 608 555 509 494 444 444 403 341 291 220 177 196 110 7 64 84 99 92 71 94 0
302 356 391 403 430 371 376 347 347 312 326 327 330 421 463 504 609 578 511 531 609 635 605 578 578 521 494 502 499 509 536 592 747 925 968 880 736 730 669 636 647 647 664 647 689 709 706 796 801 753 689 648 871 1035 1027 1028 1156 1156 1078 993 934 851 804 800 823 662 576 505 500 505 540 503 427 427 402 322 280 225 245 320 343 543 589 414 328 164 77 77 63
802 761 713 750 767 762 810 774 774 675 572 546 499 494 499 488 617 622 608 670 648 603 581 615 615 659 627 717 800 901 853 829 791 797 831 826 778 736 742 750 750 750 751 770 817 772 667 633 586 586 592 620 653 632 585 547 547 547 544 539 521 463 433 422 359 303 306 389 558 654 634 549 453 453 346 275 237 221 275 302 294 288 296 287 235 217 190 164 132
313 317 340 393 479 506 502 510 510 523 463 390 410 416 392 386 369 349 347 343 330 326 286 300 300 299 262 256 237 228 248 257 361 411 490 613 626 623 661 755 784 784 776 695 610 605 590 591 611 612 601 599 588 578 564 563 468 468 396 373 331 310 325 265 200 170 163 271 326 291 283 248 187 187 146 150 161 156 137 118 124 125 90 84 83 81 102 129 149
276 279 294 293 291 321 339 341 341 337 339 343 327 327 328 351 398 454 484 485 479 415 224 187 187 175 176 212 235 224 347 438 515 592 724 806 734 631 599 593 587 587 596 630 635 642 631 625 624 600 573 549 523 484 459 421 406 406 402 369 345 340 325 304 318 287 222 203 178 175 166 141 127 127 119 93 83 63 76 97 107 103 114 89 75 66 70 62 76
329 358 387 398 401 404 392 356 356 332 354 385 381 366 420 625 704 672 699 755 746 574 479 450 450 429 399 416 462 521 544 535 547 572 588 591 576 586 577 554 525 525 526 518 509 502 488 484 479 467 442 434 411 394 376 350 332 332 294 276 265 233 197 176 193 184 164 211 272 265 288 283 312 312 298 263 242 212 172 150 130 121 119 99 92 90 109 139 198
