hypsometry_terrestrial_planets_input/topography/venus.magellan.filled.cea.asc
ncols        767
nrows        244
xllcorner    -19012290.420994713902
yllcorner    -6043698.033861845732
cellsize     49571.713253532158
[rows 40 to 79 of 244, columns 178 to 266 of 767]
213 -60 -149 -249 -347 -332 -433 -462 -473 -473 -465 -440 -411 -267 -207 -222 -148 -98 -57 -231 -163 -357 -242 -161 -185 -182 -182 -242 -218 -168 -54 117 246 118 54 238 305 99 56 154 105 246 246 89 85 196 303 451 633 431 499 523 422 -32 -138 -77 -78 -88 -88 -46 6 -27 -103 -230 -274 -230 -287 -354 -282 -178 -45 -164 -126 -83 -52 -52 -131 -104 -80 -72 -163 -108 -214 -433 -536 -566 -671 -666 -439
-315 -328 -220 -251 -302 -334 -302 -308 -412 -412 -444 -412 -356 -179 -92 -141 -66 -119 20 -117 -119 -130 -212 -55 -8 290 290 -33 -69 -27 76 250 274 266 174 111 95 -80 -47 102 322 202 202 241 357 419 481 496 594 459 401 497 940 493 486 180 275 56 56 -10 32 -51 -8 -164 -161 -160 -253 -261 -206 -119 -10 -172 -155 -106 -44 -44 -29 3 -111 -80 -52 -118 -167 -277 -389 -480 -535 -639 -492
-370 -310 -180 -204 -320 -298 -281 -273 -192 -192 -253 -310 -270 -84 -87 -113 -154 -192 -205 -80 -14 -80 40 77 185 812 812 1092 808 381 359 376 331 302 157 439 791 452 248 -15 181 487 487 642 641 729 644 681 365 594 574 485 390 324 364 174 166 338 338 226 29 40 -20 -47 -89 -83 129 24 -10 6 41 -16 -42 -19 6 6 13 -8 -26 -47 -95 -132 -176 -146 -206 -490 -529 -558 -315
-316 -297 -215 -247 -329 -266 -223 -122 331 331 -12 -180 -184 -65 31 -86 -122 -153 -122 199 146 204 317 473 610 525 525 437 399 571 271 287 324 337 572 849 872 1283 1045 1284 843 702 702 863 694 482 410 329 322 560 825 484 395 266 423 518 338 609 609 353 121 66 6 -50 -78 -86 -81 -47 -10 36 88 80 114 92 81 81 101 50 82 -34 12 272 78 -208 -125 -72 -100 -245 -228
-87 -140 -253 -190 -135 -31 -276 -190 -181 -181 -210 -217 -190 -91 11 -8 -29 209 429 420 445 641 751 796 1170 465 465 763 856 734 798 982 1043 1383 1564 1203 1159 1405 1264 1747 1687 1627 1627 1500 996 647 516 708 1266 799 486 383 379 446 599 450 298 289 289 330 311 248 231 217 139 98 133 175 220 249 309 307 242 252 196 196 109 159 368 689 514 177 -85 -202 -232 -222 -116 -128 -158
-101 -151 -159 -88 18 249 -189 -141 -59 -59 -84 -27 387 325 157 108 217 367 597 280 733 976 819 1157 1011 455 455 300 293 523 1276 1899 2384 2259 2269 1850 1862 1614 1759 2140 2236 1913 1913 1910 1652 1500 1417 1134 1277 1326 844 628 946 691 649 384 248 79 79 101 332 269 366 451 243 212 266 279 314 294 364 368 306 273 166 166 325 863 699 525 583 638 333 65 -145 -148 -160 -120 -78
-38 -61 -35 -33 110 324 217 136 135 135 72 1 121 4 10 142 411 126 -62 144 171 347 524 341 1026 1388 1388 1339 1069 840 609 1840 2478 2549 2425 2070 1688 1868 1577 2481 2602 2441 2441 2127 1831 1920 2104 1302 1220 987 902 405 395 677 481 541 817 592 592 324 258 219 249 268 255 232 267 356 355 347 316 378 312 381 542 542 801 827 350 386 355 563 224 66 -90 -43 -72 56 -20
154 65 171 151 343 393 1149 1150 1196 1196 870 475 297 233 188 162 476 232 -207 -152 70 387 728 1083 998 1780 1780 1926 1387 1652 1042 1273 1886 2669 2631 2235 1896 1961 1590 2248 2335 2356 2356 2740 2563 2502 2200 1774 1439 1155 718 596 730 647 613 904 314 146 146 481 336 157 128 191 233 253 325 375 454 534 586 576 1091 1177 1029 1029 961 530 467 511 503 279 337 251 109 278 32 52 133
1105 576 580 658 543 1483 1567 1631 1716 1716 1569 1250 860 741 722 753 460 354 114 -24 613 1183 1187 1395 1692 1735 1735 1981 2114 1324 1781 2480 2123 2498 2641 2339 2118 2025 1835 2409 2687 2640 2640 2810 3020 2976 2497 2195 1867 1267 980 908 716 545 632 620 11 -125 -125 180 352 33 131 147 201 239 282 399 449 457 822 965 830 789 699 699 495 511 583 631 721 266 420 790 461 271 153 273 300
1172 757 633 608 1041 1667 1819 1942 1414 1414 1637 1554 1382 913 1112 1032 19 84 357 685 1494 1688 1669 1952 2256 2210 2210 2254 2474 1119 2330 2654 2716 2569 2452 2640 3471 3951 3170 1737 3091 3641 3641 3043 3015 2692 2550 2910 2506 2143 1671 1780 1419 1011 777 782 671 432 432 392 246 227 180 472 381 352 470 1433 1083 1250 1055 636 675 747 809 809 874 801 809 474 459 578 600 490 513 511 386 102 107
1718 1594 894 437 116 741 1878 1801 1620 1620 1552 1263 1005 849 1113 1252 279 313 562 1258 1830 1790 1811 1978 1859 1726 1726 1901 2149 2115 2264 2475 2458 2705 2735 3105 3697 3735 3247 3172 3882 3633 3633 2878 2975 3081 2975 2745 2559 2154 1813 1762 1706 1546 1180 1356 1438 894 894 678 552 216 234 224 519 830 839 948 1179 1221 819 773 1101 990 769 769 684 612 820 917 865 423 481 351 454 572 423 180 199
1309 1113 957 959 564 135 1463 1678 1306 1306 1217 1211 1145 1054 870 595 404 305 822 1330 1366 1323 1346 1401 1633 1797 1797 2055 2290 2472 2499 2394 2775 2849 3149 3068 3582 4408 3423 3798 4032 4042 4042 3503 3507 3168 3269 2903 2607 2278 2405 2334 1794 1453 1654 1643 1513 1050 1050 804 707 541 431 703 494 349 1205 1053 1145 1292 691 665 864 944 881 881 1026 786 683 837 890 939 575 334 313 415 742 227 302
2098 1708 701 906 169 693 1268 1311 752 752 895 808 583 782 692 702 915 1078 1229 1481 1537 1606 1670 2046 1946 2167 2167 2645 3511 2851 2602 2793 2780 2891 3302 4347 3888 3919 4080 4011 4716 4533 4533 3671 3703 3501 3606 3396 3093 2850 2041 2192 2444 2082 2103 1895 1457 1220 1220 1106 1034 1055 1000 644 679 409 1364 1074 547 719 1032 1121 927 648 972 972 1107 1010 723 753 773 1009 490 387 211 181 182 477 629
1720 1978 1134 513 1281 1567 1451 1326 1112 1112 1104 633 400 526 779 1418 1460 1467 1458 1500 1552 1753 2030 2293 2572 2346 2346 2359 2381 2284 2535 3254 3123 3593 3382 4046 3969 3642 3900 4020 4720 4970 4970 3437 4145 3910 3684 2992 2597 2388 2215 2422 2382 2273 2273 2208 1920 1678 1678 1475 1379 1360 1165 1053 728 276 465 819 837 600 536 615 669 842 1277 1277 1521 1351 1053 611 640 857 662 378 210 254 259 258 706
1192 1753 1959 1806 1616 1596 1450 730 1112 1112 948 985 1139 957 1189 1239 1546 1653 1596 1787 2079 2130 2310 2393 2362 1902 1902 2104 2169 2409 2937 3233 4124 3718 2949 3342 3466 3788 3728 3734 3891 3948 3948 3704 4647 4369 3938 2995 2876 2958 2716 2495 2034 1951 2609 2425 2130 1986 1986 1817 1667 1289 863 601 631 98 79 390 384 551 594 493 456 829 1166 1166 1360 1262 1092 988 691 554 903 516 271 273 257 236 263
993 1521 1600 1601 1270 1657 1669 1779 1437 1437 1177 1136 1552 1707 1500 1668 1687 1639 1718 1934 1940 1542 1762 2210 2287 2205 2205 2310 2555 2775 2961 3117 3259 3180 3231 3343 3798 4035 4404 4524 4676 3208 3208 3132 4474 4072 4063 3468 3137 2938 2577 2521 2823 2622 2435 2547 2257 1924 1924 1910 1534 1238 832 580 311 127 107 235 287 509 514 489 525 633 919 919 1132 1221 1354 1256 487 910 864 584 456 253 273 222 114
1653 1651 1627 1536 1468 1460 1508 1405 1213 1213 1158 1197 1287 1046 906 1457 1128 1157 1452 1456 1373 1700 1596 2135 2571 2363 2363 2665 2975 4216 3969 3995 4219 3819 3951 3908 3964 4076 3870 4655 4570 1876 1876 3081 4582 4821 3896 4129 3387 3370 2848 2975 3321 2659 2933 2627 2415 2014 2014 1692 1307 1229 1087 643 599 654 760 697 764 776 828 1067 943 827 952 952 1446 1404 1396 1323 1328 1297 1661 1360 416 637 397 101 -86
1555 1457 1493 1469 1336 1202 1090 1146 1086 1086 941 963 939 808 697 557 944 773 830 1090 1176 1936 2299 2151 2761 3136 3136 3786 3873 3972 3294 3470 3758 3762 3858 3881 3891 4083 4110 4573 5082 3090 3090 4052 4265 4296 3972 3549 3737 2712 2598 2614 2510 2488 2631 2514 2010 1575 1575 1005 535 347 612 928 717 672 684 702 994 1103 1092 1421 1160 910 901 901 933 1249 1144 881 819 742 935 868 486 371 335 211 85
1469 1385 1690 1946 1627 1330 1230 1776 1494 1494 1158 893 941 904 652 567 536 587 850 1222 1314 2481 2415 2920 2685 2931 2931 3290 3628 3648 3370 3552 3753 3794 3681 3713 3804 4136 4247 4594 4972 2251 2251 3376 3930 3864 4397 4134 3867 3262 3042 3358 3056 3369 2919 2878 2239 2266 2266 2344 1874 1435 1331 1173 905 714 638 606 608 899 1300 1413 1064 873 770 770 873 434 881 516 299 259 257 307 289 401 226 198 186
1398 2101 1352 1682 1618 1408 1318 1132 1906 1906 1498 1297 990 1031 914 576 559 587 1013 2246 2586 2152 1901 1848 1649 1558 1558 2044 3181 3599 4021 3734 3589 3976 4123 4261 4051 3880 4000 4749 2541 2539 2539 3159 4138 4219 3941 3815 3735 3780 3765 3740 3329 3032 2799 2471 2396 2413 2413 2276 2028 1823 1914 1689 1079 809 651 603 566 641 754 844 795 1111 1101 1101 750 786 944 589 371 351 470 566 576 639 457 477 236
1288 1879 1536 1426 1470 1315 1366 1346 1866 1866 1566 1217 1064 920 668 558 644 750 1628 1728 2130 2063 1877 1872 1367 1249 1249 2203 2704 3213 3351 3505 3498 3787 4004 4218 4335 4187 4705 4518 4452 3483 3483 3650 4337 4430 3572 3728 3801 3621 3660 3438 3486 3145 2489 2221 2473 2196 2196 1994 1775 1725 1719 1855 1308 934 729 642 639 585 583 607 828 1071 1212 1212 1114 1048 598 509 406 519 634 671 727 746 615 685 521
1236 1436 1645 1336 1494 1443 1551 1754 1838 1838 1547 1526 1454 1108 749 601 690 923 1216 2050 2203 2191 2285 2438 2734 2663 2663 3113 3393 2867 2513 3566 3617 3855 3872 3758 4095 4783 4887 3950 4696 2755 2755 3791 4489 4254 3928 3533 3621 3699 3775 3926 3843 3204 2462 2282 2385 1952 1952 1711 2064 1636 2000 1979 1653 1222 963 891 1014 940 985 911 617 738 1087 1087 1232 1285 578 591 532 637 760 856 969 658 669 614 505
1152 1241 1533 1437 1407 1182 1712 1636 1725 1725 2074 1826 1027 883 912 704 820 1134 1528 2370 1642 1996 2290 2601 3095 2874 2874 3193 3341 3068 2989 2590 3312 3454 3785 3743 3808 4367 4545 4096 4354 3488 3488 3956 4879 4409 3937 3674 3370 3158 3080 3000 3114 3119 2505 2259 2347 2140 2140 1643 1460 1512 1858 2353 1204 1359 1447 1234 1319 1392 1446 1299 722 556 824 824 749 777 834 772 744 801 943 1125 1237 843 814 683 544
1198 1135 1591 1904 1600 1976 1658 1462 1581 1581 1421 1246 997 851 993 566 860 1479 1698 1909 1560 1927 2258 2606 2820 3092 3092 3212 3322 3040 2543 2622 3012 3459 3243 3568 3807 3833 3902 3692 3092 4388 4388 3313 4201 4186 3720 3425 3097 3031 2818 2104 2900 2869 2597 2273 2065 2058 2058 1697 1378 1467 1910 1958 1772 1999 1969 1582 1858 1779 1442 1380 842 608 875 875 705 585 731 696 794 895 1054 1236 1466 956 862 732 678
1268 1519 1890 2767 1783 1498 1410 1529 1381 1381 1205 1155 1172 1232 1366 1186 837 890 1109 1424 1741 2168 2458 2619 2861 3242 3242 3469 3733 3436 3025 2856 3000 2878 3455 3411 3276 3895 4329 4403 3397 4893 4893 2950 4000 4417 3870 3476 3397 3176 2818 2767 2813 2876 2537 2110 1864 1692 1692 1519 1510 1352 1806 2345 2403 2331 2247 1389 2194 2197 2277 1420 894 565 531 531 477 550 803 884 959 1018 1219 1390 1851 1346 1030 754 707
1522 2021 2696 2598 1596 1398 1366 1333 1286 1286 1311 1293 1453 779 1402 947 793 1068 1175 1502 1986 2067 2050 2703 2899 3820 3820 4390 3182 3344 3062 3180 3348 3308 3461 3702 3511 4251 4697 4152 3935 5211 5211 1964 4236 4147 3771 3879 3721 3267 2898 2783 2956 2836 2443 2257 1892 1727 1727 1834 1459 1729 2276 2380 2419 2717 2295 1392 1708 1555 1225 1296 721 666 662 662 602 631 910 1443 1076 1292 1671 1540 1608 1560 1126 872 623
2068 2601 2569 1954 2063 1642 1385 1313 1224 1224 950 631 420 45 94 471 479 546 870 1453 1692 1767 1968 2889 3312 3503 3503 3683 2963 2986 2765 2889 3452 3681 3370 4431 4178 4597 5404 5110 4754 3768 3768 2828 4395 4313 4228 4396 4096 3281 2981 2777 2890 2877 2455 2240 1935 1820 1820 1728 1582 1514 1652 2166 2347 2723 2756 2293 2000 1437 1581 1225 755 842 848 848 703 700 896 1344 1186 1257 1513 1244 1394 1208 1052 801 603
2222 2209 1951 2230 2336 1951 1549 1171 765 765 1013 848 533 631 247 -216 347 592 748 811 1116 1856 2011 2242 2292 2587 2587 3236 2892 2251 2536 2808 2823 3926 4072 4775 4862 4972 5794 4231 4743 2856 2856 3048 4300 4346 3835 4010 4015 3999 3273 3029 2953 2613 2510 2347 2122 1891 1891 1706 1603 1617 1684 2052 2190 2376 3094 2636 2195 1269 1220 809 910 1072 699 699 712 774 909 1035 1227 1467 1210 954 1242 1067 919 755 628
2267 2300 2171 2043 1883 1500 1346 1159 -473 -473 182 1003 755 477 -108 80 583 655 720 1053 1502 1298 1715 1857 2054 2449 2449 2778 3103 3465 3391 2606 2993 4106 4556 5004 4887 5539 3688 3948 4706 3373 3373 5562 4468 4033 3749 3668 3590 3657 3637 3570 3259 2596 2652 2493 2251 2021 2021 1782 1570 1517 1633 1939 2505 3212 3005 2730 2089 1471 801 718 567 841 775 775 867 923 1016 1064 1333 1585 1092 1148 1059 980 818 755 645
2441 2618 2444 2123 1789 2123 2333 117 533 533 1181 1497 1190 851 1011 1128 -114 339 1116 1558 2109 1660 1684 1748 2192 2510 2510 2585 2702 3082 3277 3105 3650 3915 4676 4253 4277 4603 3526 3410 3577 4059 4059 3526 4291 4133 3663 3661 3683 3436 3533 3623 4022 3522 2988 2574 2222 2087 2087 1926 1675 1620 1517 2075 2382 2964 3011 2322 1403 1845 1464 1025 1263 952 857 857 948 986 1095 1219 1373 1530 1233 1258 1140 960 881 753 705
5298 4450 2016 250 798 1062 1447 1634 1579 1579 1512 1452 1349 1198 1111 1138 1094 740 786 817 1052 1219 1457 1699 1619 2123 2123 2493 2713 2642 3226 3464 3979 4457 4546 4131 4233 4897 4995 4717 3885 4817 4817 4835 4220 3834 3677 3484 3278 3170 2963 2743 2811 2858 2829 2227 1577 1835 1835 1819 1735 1750 1643 2636 3083 3405 2859 2315 1518 2082 604 824 769 870 1000 1000 1100 1278 1237 1407 1453 1480 1455 1287 1237 1063 990 838 781
2045 2364 2538 1748 1151 1170 1340 1463 1397 1397 1361 1144 1414 1082 985 960 835 734 626 775 723 939 1397 1756 1866 2252 2252 2510 2754 2991 3678 3711 4588 4776 4990 4766 5340 5061 4677 4424 4386 4719 4719 4678 4562 4464 4045 3943 3910 3733 3602 3405 3402 2983 3227 2948 1985 1752 1752 1865 2057 2050 2396 3105 3184 3259 2823 2405 1505 1869 997 869 821 1101 1119 1119 1317 1470 1254 1255 1275 1278 1333 1334 1441 1171 988 891 851
2012 2261 1981 1550 1381 1283 1298 1376 1347 1347 1261 1249 1155 957 869 814 683 605 489 461 701 904 1128 1734 2021 2711 2711 2958 3109 3222 3755 4285 4935 5108 5149 5011 5465 5164 4750 4296 3933 3906 3906 3855 4260 4420 4007 3752 3764 3539 3392 3353 3543 3096 3319 3012 2699 2782 2782 2995 1495 1802 2712 3349 3372 3167 2782 2115 1614 1428 1205 822 885 1051 1201 1201 1393 1318 1271 1238 1220 1229 1212 1171 1225 1173 985 912 873
2060 2075 1520 816 1208 1335 1662 1655 1439 1439 1406 1117 1008 886 832 763 575 486 357 345 361 574 1061 1563 2140 2891 2891 3298 3556 3459 3556 3763 4051 4381 5500 5524 4717 4746 4436 3768 3670 3526 3526 3473 3625 3891 3806 3749 3714 3325 3135 3153 3062 2978 2716 2629 2700 2723 2723 2755 2574 2600 845 3068 2968 3272 2826 2559 2157 1513 715 823 902 1025 1222 1222 1138 1102 1103 1131 1183 1080 1080 1106 1176 1017 979 866 783
1655 1579 1406 1303 1326 1631 1630 1424 1384 1384 1570 1188 945 904 874 829 621 459 420 383 460 642 930 1212 1543 2734 2734 3091 3078 1716 2597 2503 3688 4195 4982 4972 4624 4285 3348 3193 3152 3430 3430 3363 3319 2508 3232 3587 3416 3070 2927 2838 2885 2704 2666 2530 2271 2491 2491 2591 1583 1966 2840 2362 2955 2986 2458 2040 1712 1600 1014 1033 999 995 984 984 924 883 882 890 897 885 876 912 983 839 825 737 681
1680 1677 1635 1436 1385 1496 1480 1365 1278 1278 1249 1064 992 957 885 917 874 580 495 482 585 832 1115 1460 1591 1187 1187 1284 1642 2512 2933 2615 4366 3490 3371 4673 4510 3803 3148 2901 3248 3035 3035 3194 3205 2657 2171 3491 3187 2956 2792 2639 2562 2530 2699 2685 2227 2251 2251 2292 2169 1823 2429 2404 3036 2847 2220 1856 1527 1480 1021 1024 1040 1014 958 958 837 893 834 809 761 765 784 788 821 799 713 687 645
1924 1832 2016 1916 1703 1652 1310 1301 1186 1186 1105 990 935 1012 960 923 977 715 507 668 846 1110 1392 1769 1800 1659 1659 2739 2582 2558 3258 3759 3213 2848 3173 3500 3329 2898 2765 2895 3197 3394 3394 2521 3337 3029 2571 2944 2930 2691 2531 2398 2278 2289 2480 2240 2138 2074 2074 2071 2300 2855 2341 2692 2626 2101 1764 1524 1489 1343 956 986 982 948 886 886 736 698 695 694 667 636 634 659 684 635 608 593 494
1906 2141 2507 2366 2320 1951 1775 1451 1268 1268 1188 1113 985 926 925 750 785 879 668 687 859 958 1122 1385 1705 2258 2258 2137 2484 2733 2736 3297 3046 2811 2904 2907 3445 1612 2756 3574 3418 3359 3359 3262 2881 2876 2689 2887 2854 2648 2323 2218 2122 2045 2104 1789 1775 1758 1758 1958 2049 2155 1989 2158 2962 1589 1703 1582 1580 1400 816 874 846 809 741 741 670 580 572 521 551 533 589 565 541 501 480 490 359
1751 2263 2338 2391 2359 2335 2067 1917 1583 1583 1431 1316 1199 1061 1008 983 920 718 614 739 850 1049 1085 1258 1981 2240 2240 2198 2342 2315 2627 2711 2821 2848 3077 2670 4326 1137 1870 3003 3772 3449 3449 3275 3119 3252 2628 2684 2686 2764 2166 1955 1922 1870 1706 1726 1526 1614 1614 2428 2777 1913 2008 1908 2210 1383 1318 1523 1849 1287 952 793 753 676 590 590 560 509 520 491 477 516 468 460 444 485 441 522 337
1620 739 674 1084 1378 2045 2376 2433 2151 2151 2023 1945 1596 1422 1207 916 966 921 983 1002 1166 1295 1677 2050 1962 1429 1429 1730 1799 1834 2225 2024 2445 2905 3076 3416 2676 3933 2204 3590 3924 3481 3481 3095 2847 2395 2446 2774 2561 2440 1996 1884 1774 1596 1618 1726 1446 1553 1553 2439 2547 2315 2514 2303 1279 1081 1186 1122 1440 1176 856 742 643 584 586 586 486 436 440 410 407 415 367 341 368 352 404 459 464
