hypsometry_terrestrial_planets_input/topography/venus.magellan.filled.cea.asc
ncols        767
nrows        244
xllcorner    -19012290.420994713902
yllcorner    -6043698.033861845732
cellsize     49571.713253532158
[rows 120 to 159 of 244, columns 534 to 622 of 767]
2867 2870 3078 2968 3033 3548 3341 1694 2200 2473 2925 1154 1154 2940 3394 4013 3463 3639 3590 4150 3793 3520 3449 3003 3143 3302 3191 3502 3502 3835 3518 3011 3278 3498 4389 5145 5525 5520 4420 3122 3093 3984 4637 2077 3194 3194 2245 5236 4147 4885 1366 4460 4699 4857 4006 3853 4259 3666 3982 3446 4029 4029 2937 4005 4493 4126 2690 3159 3330 2373 2054 199 778 2596 2294 2759 1232 1232 1106 996 998 994 1031 991 1417 1684 1990 1737 1922
2670 2922 3116 3207 3347 3879 1209 1641 1098 1840 2130 1916 1916 3169 3535 3962 3976 3918 3815 3583 3641 3059 2522 2692 3311 3207 3194 3863 3863 3103 3157 3162 2926 4382 4241 4457 4199 3863 3487 4032 4179 4608 4573 4138 4691 4691 3397 4680 4949 3547 1698 3983 3689 4671 4659 4313 4427 2986 4063 3904 3171 3171 3632 4114 2690 3318 2901 3383 3539 3464 2043 1990 2537 2721 2645 2938 1531 1531 1071 1258 1091 1169 1248 1432 1596 2288 1609 1368 1482
2736 2928 3099 3173 3193 3588 144 1101 1216 1874 2293 2533 2533 4061 3611 3637 4115 3422 3820 3416 2783 2491 3234 3838 3243 3460 3611 3306 3306 3148 3567 3404 3388 4254 4196 4632 4156 3899 3926 3404 4656 4637 5162 4933 3790 3790 4472 4973 5139 3134 2434 4499 4420 4863 4972 4263 3632 4338 3992 4528 4385 4385 3563 3959 3437 4007 2925 3738 2803 2992 2226 3261 2444 2776 2901 3076 1684 1684 1135 1817 1392 1389 1609 1578 1804 1385 1103 1217 1381
2716 2918 2973 3017 3170 3815 1912 1431 1695 2475 2900 3277 3277 3853 3589 3453 4196 4275 4155 3600 4079 4324 3822 2269 3443 3962 3270 3706 3706 4021 3295 4548 3402 4247 3697 4680 4724 4161 2898 3724 4713 4194 1943 4812 4224 4224 5586 5077 4430 5450 3533 3604 4734 4971 4831 4806 4647 4273 4623 4568 4374 4374 3003 4567 2878 4445 2709 2728 -486 2304 3367 3580 2601 2187 2841 1397 2053 2053 1552 1582 2521 1126 1648 1898 1913 1378 1257 1582 1608
2540 2775 2904 3023 3092 2982 1409 2002 3073 3221 3795 4106 4106 3794 3601 3393 3760 4279 4256 4435 4215 4065 3761 3468 3933 3206 2958 4024 4024 3492 2666 4340 4266 4592 4527 4565 5027 5028 5028 4891 4367 4159 5517 5402 5418 5418 5211 4939 4672 4529 3101 3563 4594 4997 4608 4700 4165 4779 3350 4519 4966 4966 4961 4813 4460 4265 3760 3789 3067 2557 2287 2291 3667 -301 2041 3134 2368 2368 1486 1803 2456 1485 1492 3262 1864 1260 1399 1927 1596
2498 2696 2841 2925 2978 2679 1307 1386 3291 3956 3984 4005 4005 4037 3693 3266 3144 3652 3753 2909 2970 3023 3091 1929 3099 3074 3151 3779 3779 2891 4083 3509 4406 4649 4760 4895 5304 5074 5278 4740 3798 4427 4481 3720 5297 5297 4606 4490 3011 3798 5036 4209 4186 4388 4535 5018 4958 4994 5061 4569 5020 5020 5052 5128 4465 4163 3437 3803 2872 4049 2282 2678 3713 944 3347 3287 2256 2256 2200 2052 4591 1924 1234 1842 2065 1873 2142 2361 2461
2474 2716 2739 3032 2665 2769 1847 2476 3538 3876 3826 3857 3857 3765 3156 2885 3136 3209 3258 3762 2916 3302 3678 2970 2774 3573 3145 3296 3296 4307 4362 4492 4588 4667 4310 4858 4888 4637 5015 4938 5290 4754 4066 4418 5083 5083 4488 4200 4241 4667 4858 3622 3463 4324 5212 5375 5191 5119 5113 5194 4432 4432 5034 4590 4773 3760 4795 4107 2391 2327 4076 2108 3711 2974 3266 3555 3262 3262 1968 2387 1997 2275 1554 1793 1791 1462 1960 1809 1579
2497 2659 2767 3063 2943 3183 3039 3011 3227 3279 3518 3407 3407 3376 3254 3332 3564 3813 2741 2337 2658 3815 3462 3483 2702 3584 3499 3858 3858 2322 4433 4502 4366 4626 4946 4950 4818 5141 4397 4740 5150 5284 4455 2049 5267 5267 3656 1770 3759 4210 3203 3940 4759 5268 5695 5589 5780 5240 5184 4751 4134 4134 4266 4583 2268 2728 4163 4119 2601 1709 2313 2748 2108 3624 3709 3382 2811 2811 2529 2632 1796 2395 1557 2237 2140 1536 1435 1374 1382
2546 2690 2763 3008 3065 3248 3239 3210 3209 3371 3365 3196 3196 3366 3401 3522 3724 4123 3151 2505 2693 2701 2775 3488 2965 3140 3820 4754 4754 4444 4326 4287 4029 4411 4704 4874 3942 4886 4910 5159 5329 5293 4458 4736 5347 5347 4179 3798 4304 4685 3750 4270 4588 5441 4978 5433 5717 4882 5177 4699 4023 4023 4129 3053 4629 3447 4293 3794 3892 2791 2728 3573 3216 2681 3494 3437 3057 3057 3679 1863 2287 2492 1904 2206 2568 1657 1591 1436 1387
2546 2690 2763 3008 3065 3248 3239 3210 3209 3371 3365 3196 3196 3366 3401 3522 3724 4123 3151 2505 2693 2701 2775 3488 2965 3140 3820 4754 4754 4444 4326 4287 4029 4411 4704 4874 3942 4886 4910 5159 5329 5293 4458 4736 5347 5347 4179 3798 4304 4685 3750 4270 4588 5441 4978 5433 5717 4882 5177 4699 4023 4023 4129 3053 4629 3447 4293 3794 3892 2791 2728 3573 3216 2681 3494 3437 3057 3057 3679 1863 2287 2492 1904 2206 2568 1657 1591 1436 1387
2483 2608 2542 2971 3220 2835 3348 3306 3118 3270 3236 3314 3314 3349 3622 4034 3644 3301 3979 3770 2790 3330 2594 3922 4012 4361 4559 3433 3433 4375 4272 4464 3303 4229 4044 3910 2613 4684 4497 4612 4635 5455 5000 5024 4753 4753 3583 4197 4767 4240 4499 4815 4703 5278 5536 5475 5170 4563 4448 5169 3529 3529 4541 3818 4118 2461 3762 4307 3146 4125 3409 3945 3227 3189 3112 3145 2829 2829 3575 2036 2315 2683 1983 2007 2428 1719 1586 1731 1781
2651 2582 2315 2511 2760 2845 3095 3190 3019 2997 3149 3259 3259 3558 2979 3151 3505 2890 3751 3842 3843 3157 3967 3691 3804 3579 4080 4390 4390 4530 4447 3979 4140 4656 4244 3038 4364 4349 4454 4546 3210 3379 3749 3854 5702 5702 1960 5009 3299 3595 4350 4807 5210 5118 5044 4668 5031 4757 5020 5216 4348 4348 4697 4458 4166 4139 4025 3065 3766 3601 4279 3609 3806 3657 3310 3655 3768 3768 3756 2083 1984 2368 2170 2339 2423 1620 1579 1744 1968
2917 2279 2204 2566 2433 2980 3159 2939 2879 3005 3130 3169 3169 3251 3359 3391 3613 3747 3718 3808 3918 3534 4301 4285 3121 4338 4640 4528 4528 3919 4421 3948 4410 4632 4660 4705 4284 4577 4870 4355 3867 4044 4526 3676 4144 4144 4927 4842 3826 4717 5210 5483 4706 4365 4622 4553 4249 4737 5390 4290 4758 4758 4325 4471 4117 3519 3245 4005 4103 3670 3188 3165 2991 3887 4008 3803 3909 3909 3773 2997 2194 2459 2163 2339 1625 2071 1828 2169 1789
2440 2026 2506 2393 2590 2729 2806 3004 2977 3088 3172 3205 3205 3264 3299 3433 3608 3899 3910 3809 4070 4498 4857 4550 4457 3865 4745 4073 4073 3838 3682 3723 4379 4585 4919 4690 4708 5005 4692 4743 4786 3961 4309 4649 4264 4264 4244 3568 4418 4311 5078 4947 5043 4725 5137 5221 5183 4290 5232 4938 4713 4713 3918 4448 4222 4120 2355 4336 4091 3758 3966 2460 2004 3875 4035 3963 3919 3919 3937 2588 1894 2143 2654 2328 2387 2075 2333 2121 2425
2382 2285 2161 2258 2906 2977 2747 3068 3156 3090 3128 3444 3444 3579 3287 3419 4072 4160 4173 4040 4376 4102 3619 3810 3435 3802 3769 3734 3734 3616 3708 2999 4086 3890 4199 4248 4965 4979 4533 5507 5463 4614 3835 5324 4869 4869 4440 3559 4672 4875 4451 4530 3995 4392 4619 5186 4975 5366 5337 4961 4721 4721 4448 4473 1593 3893 2849 2135 3050 3123 4142 3973 3321 4244 3728 4106 3924 3924 3904 3801 1732 2039 2432 3219 2596 2429 2326 2505 2711
2514 2407 1823 2652 2723 3060 3749 3171 3609 3051 3207 3275 3275 3375 3046 3565 3565 3805 3499 4046 3919 4592 3634 3825 3856 3615 3821 3752 3752 4082 3825 3930 3068 4621 4499 3991 4805 5402 5424 5327 4326 4982 5320 4479 5411 5411 4852 3922 4996 5193 4357 4491 4539 5374 5874 5458 5307 5700 4631 5050 4906 4906 4679 4250 4296 3665 3551 4177 3983 870 4228 4036 3764 3666 3793 3870 3847 3847 3655 3216 2340 1969 2575 2438 2509 2632 2675 2775 2798
2552 2138 2238 2738 3086 3537 3707 2853 3272 3177 3296 3344 3344 3290 3438 3272 3466 3091 3880 2697 3648 3447 3495 3919 4772 3589 3787 4262 4262 3924 4565 4563 5076 4635 4632 5131 4405 5302 5623 5596 5192 5037 4510 4544 5189 5189 4723 4952 5154 5069 5065 5330 5601 4896 6102 5962 5701 5587 5245 5336 1775 1775 4737 4315 3151 3127 4413 4023 4395 1862 4356 3837 4163 3724 3952 3788 4058 4058 3778 3379 2456 2340 2863 2695 2861 2750 2944 2958 2717
1731 1101 2378 2824 3650 3769 3681 3479 3448 3594 3746 3992 3992 3391 3580 3006 3303 3840 3534 3520 4231 4111 3339 4114 4018 4244 4211 4295 4295 5541 4957 4948 4984 5129 5109 4943 4972 5285 5242 5931 4833 4240 3737 1962 4191 4191 4850 4078 5317 5260 4718 5090 4967 5814 4240 4432 5871 5445 5343 5106 4866 4866 4863 4225 3903 4358 3306 4303 4071 4149 3755 3825 3996 4124 3079 3794 3535 3535 3567 2558 2302 2297 2190 2497 2530 2885 2980 2992 2915
2242 1158 3063 3234 3092 3330 3748 3558 3660 3592 3573 3970 3970 3848 2964 2954 3303 3349 4381 3508 4132 3756 3349 3957 3272 3580 4091 4186 4186 4882 4592 4989 5015 4917 4588 4877 4841 4679 4784 4975 4636 3343 4266 3598 4080 4080 4849 4836 3493 3479 3681 4980 4998 3028 5541 5780 5394 5437 5141 5029 4434 4434 4789 4621 3968 1482 4071 3513 4331 4277 4176 4092 3550 3904 3842 3405 3296 3296 3648 2937 3208 1918 1237 1897 2275 3003 3353 3256 3045
1329 1306 2931 2994 3384 2851 2746 2680 3887 2928 3498 3959 3959 3778 3372 3662 2706 3207 3297 2145 3875 3870 4283 4225 4446 4087 4158 4506 4506 4885 4616 4663 4507 4558 4496 4671 4400 4295 4488 4321 4296 4072 2228 4140 4358 4358 3889 2711 3160 3666 3432 4060 4793 4522 4485 2986 4554 4565 5126 4798 4423 4423 4409 4537 4467 3540 2577 3992 3733 3716 4335 4005 3996 4075 2755 2296 1905 1905 3104 3235 3251 2693 2830 1208 2558 2472 3088 3672 3121
957 215 2206 3206 2928 2552 2330 2633 2689 2568 3768 3641 3641 3416 2416 2632 3660 3777 4115 4223 4249 4411 4770 4325 4656 4705 4922 5066 5066 4792 4657 4489 4208 4604 4042 4292 4510 4914 4889 4411 3293 3081 4671 2673 3788 3788 4574 3932 3583 3322 3075 3964 4265 5646 5179 4578 4994 4519 5234 5060 4617 4617 4580 4479 4355 4344 3266 3801 3369 2491 3577 4120 4110 4428 4119 2591 1895 1895 3284 2205 2598 1968 2092 1932 2641 2986 3279 2834 3122
2804 1191 2142 2457 2984 2989 3589 3437 2284 2287 3598 3501 3501 2718 2186 2322 3306 3906 3606 3974 4099 4242 4518 4104 4679 4827 4354 4636 4636 4564 4211 4188 4327 4422 4136 3791 3905 4652 4065 4073 3379 2405 2372 2479 2681 2681 3805 4047 3838 3837 4371 5655 6010 5708 4819 4368 4868 4957 4807 4993 4751 4751 3936 4496 4225 4512 3970 3899 3537 3319 3696 1765 3334 3526 4568 4068 2409 2409 3737 2532 3107 2608 2385 2521 3301 2989 3119 3277 3387
2919 2282 823 1554 2514 2902 1861 2589 1854 2138 2263 2477 2477 2092 2122 2556 3103 3608 4239 4294 4327 4431 4644 4121 4566 4483 4254 4653 4653 4795 4917 4738 4718 4745 4437 4077 3883 3772 1505 3069 4198 3905 3241 2169 2804 2804 3598 3596 4063 3458 4015 5728 5822 5464 4616 4118 4026 4663 4627 5059 4360 4360 4634 4483 4214 4551 4337 4589 3889 3097 3031 2481 2776 3331 4319 2932 3511 3511 2840 2759 1760 2668 2799 2995 3219 3077 2874 2639 2964
2954 2011 734 1952 1512 2168 2243 2568 1718 1549 1824 2483 2483 2609 1936 3085 3241 3878 4123 3695 3238 3563 3837 3913 3613 3934 4000 4198 4198 4580 5085 4892 4728 4239 4514 4731 3981 726 1446 3642 4471 4665 4390 3622 3711 3711 4289 2938 3448 4474 4283 5028 5688 5512 4241 3351 3042 4424 3518 4276 4406 4406 4374 4746 3792 3950 4207 3277 4003 4021 3826 3309 3928 3693 2752 3244 4121 4121 4587 3863 3322 3004 3016 2925 2353 2529 2004 3067 2597
2248 1635 2632 2151 2410 1792 1148 429 919 787 1730 1735 1735 2410 2174 2894 2531 2029 2776 2970 3555 3971 3664 3903 3454 3975 4270 4288 4288 3918 3317 3767 4363 3742 4351 4357 3507 3670 4341 4304 4262 4509 4390 4474 4791 4791 4130 3768 3143 4004 4666 4659 4905 4606 4970 3996 3262 4383 4466 2261 4861 4861 4658 4399 4469 3939 3882 4462 3543 3574 3340 3042 2910 2190 3042 3691 4535 4535 4130 3786 3281 2642 3188 2464 1915 2175 2617 2571 3286
1954 1958 1743 1746 1804 1654 1540 2126 2254 2092 1161 1766 1766 3301 1718 925 1305 1813 1827 2451 3419 3197 3690 3958 4421 4224 3944 4051 4051 3122 3110 2554 2435 2795 4208 4058 3652 4124 4388 4743 3991 3814 4506 4336 4433 4433 4452 4179 3379 4511 3956 4195 3554 4338 4509 3777 3434 3122 2819 2948 3363 3363 4234 4106 4329 4462 4567 4647 5645 3793 3490 3326 3913 3471 3575 2697 4086 4086 3787 3554 2982 3077 2984 2822 2893 2607 2575 2629 2316
1570 1493 1462 1512 1712 1345 1409 1405 1741 2606 2380 3110 3110 1894 1565 1445 1904 2063 2055 1877 1995 3059 2884 2481 2904 2656 2606 2611 2611 2527 2784 2787 3587 2913 1700 2785 3695 4097 4019 4326 3753 3666 4081 4038 4632 4632 4512 4900 4037 2312 2501 2916 3598 4167 4325 4529 2866 2724 2942 2900 138 138 2592 3021 3311 3265 3501 4785 4376 4241 4342 4180 4055 3569 2805 3064 3468 3468 2962 2706 1484 2499 2695 2867 2885 3342 1972 2285 2809
1256 1318 1254 1449 1161 1468 1306 1274 2476 2451 2844 1860 1860 1333 1268 1478 1780 1426 1672 1352 1258 1324 1989 2668 1622 2572 3242 3804 3804 3465 3296 3439 3513 3404 2739 3573 3694 3647 3495 3395 3491 3463 3531 3990 4081 4081 4415 4237 3700 2450 1268 2676 2174 2288 1944 3847 4101 4334 4412 4594 2136 2136 1000 1420 1748 3418 3014 3558 3482 3775 4418 4289 3156 2693 1787 2423 2022 2022 1582 1691 1909 2721 3230 3099 2361 2464 2520 2258 3447
1256 1318 1254 1449 1161 1468 1306 1274 2476 2451 2844 1860 1860 1333 1268 1478 1780 1426 1672 1352 1258 1324 1989 2668 1622 2572 3242 3804 3804 3465 3296 3439 3513 3404 2739 3573 3694 3647 3495 3395 3491 3463 3531 3990 4081 4081 4415 4237 3700 2450 1268 2676 2174 2288 1944 3847 4101 4334 4412 4594 2136 2136 1000 1420 1748 3418 3014 3558 3482 3775 4418 4289 3156 2693 1787 2423 2022 2022 1582 1691 1909 2721 3230 3099 2361 2464 2520 2258 3447
922 1086 1052 1107 1068 1104 1324 1286 1325 1275 1276 1268 1268 1285 1160 1212 1260 1318 1201 1228 1347 1589 1433 1973 1580 1859 3589 3427 3427 3205 2973 3373 3652 3905 3166 3185 2980 2639 2952 3166 3272 3220 3667 3467 3997 3997 3787 3892 3002 2884 1995 1367 1241 3763 3048 2191 2310 3462 4107 4207 3732 3732 3960 3443 2474 3250 3762 3004 2644 4017 4405 3095 2985 2763 2700 2508 2505 2505 2323 2105 2192 2358 2829 2745 2361 1619 2552 2664 2421
827 845 790 914 772 1229 1159 1265 985 1225 1079 1030 1030 1017 1059 1108 1118 1150 1066 1089 1108 1272 1363 288 820 1428 2004 2643 2643 3293 3221 3241 3308 3000 3331 3043 2897 2461 2582 2861 3047 3023 3597 3252 3826 3826 2952 2877 2174 2229 2204 2024 1305 3270 2497 2397 2249 2781 2191 3871 4176 4176 3942 3950 2497 2771 3221 3626 3194 3510 2977 2926 2774 2558 1750 2039 2722 2722 2347 2055 2108 2444 3141 3301 3276 2657 2723 3036 3789
686 578 521 843 937 783 788 962 886 933 959 921 921 927 989 1068 1014 895 882 910 939 1021 1188 1357 1402 1629 1036 1156 1156 2128 2099 2179 2113 2294 1942 2154 2440 2236 2256 2771 2710 2778 3013 3123 2565 2565 1854 1635 1619 2005 2936 1329 2258 2925 3364 3011 2269 2243 2112 2348 1949 1949 2422 3310 3484 2796 2563 3626 3294 2579 2700 3262 2614 2737 2537 2187 2390 2390 2385 2261 2220 2454 2740 3213 2778 1691 2304 2748 2837
413 471 879 1388 823 957 670 876 690 977 837 880 880 889 1061 1107 823 811 824 818 845 868 969 1211 1072 1202 1494 1687 1687 1807 1997 2195 2208 1957 1589 1547 1864 1878 1881 2027 2273 2209 1916 1778 1733 1733 1684 1577 1662 1653 1997 1770 2154 3234 3501 2981 2408 2119 2050 2227 2222 2222 2443 2248 2038 3337 2982 1890 2058 1832 1986 1265 1477 2508 1690 2651 2584 2584 2320 2206 1777 1489 2181 2572 2492 2799 2903 3068 3029
521 612 915 1387 1292 1270 902 775 780 792 907 842 842 856 1063 764 748 739 734 749 763 811 851 1076 953 1069 1263 1832 1832 1835 1809 2175 2378 1990 1477 1433 1476 1603 1638 1705 1802 1809 1652 1656 1707 1707 1535 1367 1641 2111 2402 2521 2710 2853 2750 2817 2117 2014 2079 2144 2220 2220 2302 2600 2647 2651 2873 1082 1484 -195 849 799 1025 1630 1081 319 1070 1070 795 1221 518 791 1739 2168 2494 2910 3090 3529 3141
462 428 820 925 969 893 740 677 806 742 853 791 791 823 970 711 728 667 653 631 660 662 866 1051 933 933 1086 1206 1206 1361 1618 1771 1929 1886 1436 1333 1383 1449 1551 1659 1546 1342 1543 1545 1504 1504 1483 1284 1749 1679 2056 2225 2645 2733 2329 1897 1514 2012 2107 2000 1973 1973 1890 2358 2242 1988 1210 1483 1534 2013 1503 2227 2318 2009 2871 2692 2340 2340 2669 2555 2344 1921 1611 1304 2246 2694 3067 3750 3902
446 538 725 874 617 801 772 726 794 620 701 743 743 890 878 712 620 588 570 563 557 565 859 726 768 844 969 1010 1010 1212 1584 2092 1901 1564 1363 1265 1275 1383 1530 1837 1419 1249 1553 1296 1318 1318 1306 1229 1282 1927 2061 1977 2288 1739 2226 1910 1708 1516 1616 1615 1437 1437 1150 1123 1157 1116 1235 1445 2718 2950 2618 2111 2888 2621 2444 2693 2232 2232 2369 2277 2465 2457 2068 1855 2093 2381 2656 3340 2359
453 391 694 824 865 702 664 631 695 646 658 712 712 793 871 602 586 545 508 530 501 595 559 605 718 765 889 1145 1145 1454 1232 1360 1550 1355 1271 1191 1205 1250 1083 1189 1253 942 857 1410 1392 1392 1249 1412 1381 1716 1492 1713 1683 1856 1825 1590 1233 1631 1067 1185 989 989 1366 1102 1404 1678 1492 2521 2776 2672 2373 2406 2791 2616 2560 2594 2274 2274 2137 2046 2157 2418 2488 1658 1857 1642 692 1495 1749
612 718 605 673 723 590 757 629 580 615 627 677 677 730 494 426 422 454 521 565 591 716 404 443 539 745 1210 857 857 1043 1103 1148 1079 1139 1100 1045 1039 921 877 849 698 394 571 1050 916 916 1307 1229 1014 1038 815 630 891 1324 1901 669 1321 1229 1648 1808 1745 1745 1758 2083 1667 1142 1982 1661 2115 2288 2150 2739 2700 2039 1754 2303 2262 2262 2168 2179 2246 2318 2504 2643 2580 1983 1741 2086 1995
445 507 414 582 649 713 684 686 559 603 610 634 634 623 525 435 397 355 353 333 405 462 344 400 638 999 2064 1483 1483 1106 868 821 876 1176 831 840 810 798 588 462 385 381 473 508 694 694 746 782 806 856 722 -56 746 899 1544 1859 1716 1220 1196 1212 1293 1293 1485 1102 1142 1430 1616 1597 1439 1733 2136 2092 2060 1886 1962 2018 1992 1992 2022 2071 2162 2160 2205 2250 2020 1912 1954 2238 2624
412 403 487 650 572 782 701 570 547 567 561 662 662 567 470 466 408 336 326 300 352 357 294 351 899 534 923 698 698 661 616 640 744 827 853 679 630 525 412 279 238 292 395 535 605 605 666 713 833 1280 1383 1065 576 835 487 767 1277 1383 1343 1118 1564 1564 1100 1185 1324 1265 1399 1410 1416 1596 1882 1901 1940 1879 1858 1854 1849 1849 1855 1914 1949 1942 1866 1914 2057 2099 2167 2417 2676
