hypsometry_terrestrial_planets_input/topography/venus.magellan.filled.cea.asc
ncols        767
nrows        244
xllcorner    -19012290.420994713902
yllcorner    -6043698.033861845732
cellsize     49571.713253532158
[rows 80 to 119 of 244, columns 534 to 622 of 767]
181 -61 78 776 766 408 408 368 382 472 529 562 562 578 637 1166 1523 1879 2148 1759 1906 2265 1569 1378 1164 1051 1118 617 617 1096 1430 1137 758 392 405 418 410 449 441 377 341 370 579 866 699 699 536 406 683 593 574 424 519 737 920 790 873 448 492 1042 558 558 353 343 415 475 851 695 501 472 421 412 476 482 507 521 572 572 624 683 723 736 702 654 674 752 836 992 797
-313 -292 308 804 600 584 444 441 464 558 626 674 674 645 658 975 1436 1949 1687 1569 2479 2004 1849 1428 1239 1029 939 407 407 1075 991 905 602 413 437 451 457 591 776 760 398 402 553 781 912 912 698 515 530 711 677 692 660 836 788 739 640 438 549 696 555 555 446 418 427 445 643 814 531 496 479 491 476 453 505 529 603 603 636 680 738 740 647 627 690 745 766 967 907
1247 603 776 1077 946 1122 1115 879 667 603 919 974 974 750 743 842 1092 1694 1763 1877 1759 2147 1780 1406 1141 974 834 794 794 644 628 582 569 473 483 467 464 433 490 435 652 437 447 790 869 869 489 432 472 555 407 519 521 1050 1123 759 851 628 754 639 523 523 467 504 495 527 558 472 450 568 654 566 540 527 533 499 674 674 939 800 661 619 669 990 887 755 752 816 1123
390 529 789 1330 1522 1496 1500 1235 1177 1081 1113 1035 1035 931 860 858 870 1280 1612 1984 1698 1568 1329 1143 1027 962 834 753 753 709 656 651 613 551 576 480 460 410 444 446 401 423 481 623 643 643 495 466 488 308 323 342 424 701 785 660 667 812 661 716 792 792 603 543 675 1066 948 532 460 471 577 574 571 644 698 698 673 673 747 770 647 517 790 1045 727 667 662 750 939
842 910 1134 1254 1434 903 1266 1553 839 828 813 950 950 1251 966 912 897 1027 1442 1687 1615 1195 1073 1097 987 958 884 808 808 974 1049 905 1021 741 871 691 668 696 740 771 435 433 491 587 673 673 523 414 384 356 388 412 331 522 527 587 638 1038 574 488 599 599 551 565 646 848 828 550 431 451 572 627 883 736 725 711 692 692 688 692 622 469 503 534 587 658 644 659 581
1027 1021 1738 1500 952 1426 1082 1300 616 543 715 538 538 525 683 896 856 803 886 1108 1049 1027 1042 1027 983 966 927 874 874 1187 1118 835 829 691 808 936 840 624 662 904 514 405 415 692 1141 1141 630 420 384 617 551 496 538 484 539 737 557 469 460 625 634 634 612 608 709 691 701 627 482 462 583 623 689 721 711 750 677 677 701 682 618 513 495 503 542 594 581 554 521
1540 1133 1146 1421 1248 1036 1333 1562 1278 531 358 303 303 482 675 816 748 715 672 692 838 779 935 1179 1061 1030 952 903 903 1019 812 725 633 623 839 1000 818 822 808 707 525 441 414 540 611 611 518 356 334 325 353 519 563 415 444 461 333 405 479 685 686 686 1110 747 876 815 611 789 662 518 578 596 638 692 698 685 658 658 652 637 560 530 541 538 502 520 539 555 548
1970 1469 1230 1318 1072 1016 874 814 1321 1557 868 800 800 392 679 923 739 717 709 657 680 783 813 814 1190 1203 965 1148 1148 1020 828 701 661 621 666 800 794 775 911 707 527 495 440 420 414 414 377 328 308 483 551 684 391 363 446 456 265 545 814 888 618 618 470 700 594 732 758 713 624 497 723 625 669 689 726 659 603 603 596 580 568 702 706 857 674 512 659 595 554
1996 1592 1159 1062 963 1186 1119 997 907 1180 1118 1139 1139 758 715 998 776 721 938 727 621 933 909 894 1197 1191 1074 1281 1281 886 972 754 714 696 1239 717 814 854 991 671 551 519 463 437 406 406 358 343 301 286 342 386 288 341 536 734 851 841 813 933 532 532 489 659 847 543 671 724 628 536 772 722 696 661 672 631 567 567 549 571 715 734 815 1071 878 823 416 762 710
1735 1480 1101 981 953 1207 1270 1283 1211 841 831 786 786 871 920 1051 1260 1040 632 674 1397 1239 1238 1509 1369 1290 1074 1151 1151 961 957 998 886 831 682 694 757 1075 944 1078 760 683 531 445 432 432 398 531 631 700 541 302 356 460 762 662 829 718 728 924 1018 1018 882 794 801 733 913 740 609 575 734 689 647 556 629 622 631 631 812 893 982 1004 1187 1117 718 430 469 301 319
1047 1035 971 920 934 1131 1886 1580 1366 1001 891 779 779 772 734 685 696 809 1331 1392 1463 1173 1650 1419 1182 1118 1139 1132 1132 1081 1104 1014 1375 1143 782 750 1043 1147 933 651 724 777 628 521 473 473 413 329 317 778 597 383 303 758 658 547 663 726 859 904 822 822 1007 1036 796 840 1044 949 946 887 735 905 643 602 1024 1162 1455 1455 747 497 536 693 1058 728 484 409 435 144 211
1047 1035 971 920 934 1131 1886 1580 1366 1001 891 779 779 772 734 685 696 809 1331 1392 1463 1173 1650 1419 1182 1118 1139 1132 1132 1081 1104 1014 1375 1143 782 750 1043 1147 933 651 724 777 628 521 473 473 413 329 317 778 597 383 303 758 658 547 663 726 859 904 822 822 1007 1036 796 840 1044 949 946 887 735 905 643 602 1024 1162 1455 1455 747 497 536 693 1058 728 484 409 435 144 211
985 897 827 875 872 946 1185 1588 1439 1383 1028 817 817 776 749 769 1001 1268 1407 1805 1807 1305 1787 1252 1111 1167 1174 1208 1208 1143 1213 1153 1575 1443 983 844 977 847 785 646 652 648 578 556 692 692 412 301 263 541 758 484 550 619 481 508 588 604 988 941 980 980 925 858 768 751 780 1000 1100 918 717 681 909 453 593 760 570 570 557 515 446 555 681 637 485 648 357 256 145
890 825 829 844 860 910 904 995 1334 1607 1171 830 830 758 744 774 1011 1258 1355 1805 1011 1150 1278 1600 1197 1152 1245 1176 1176 1140 1475 1464 1127 1186 992 985 841 953 779 694 608 582 576 537 508 508 380 49 361 442 507 912 864 691 683 643 658 999 772 1044 1005 1005 1043 829 689 683 737 790 764 718 638 796 1244 910 517 891 470 470 333 330 305 343 267 329 361 325 322 336 183
911 1059 827 951 1393 1194 859 867 1360 1354 1125 823 823 729 715 1058 1003 1227 1509 1528 1316 1473 1542 1793 1324 1406 1278 1201 1201 1385 1696 1223 1443 1268 1351 1092 1184 1220 1010 850 668 580 585 590 541 541 536 564 574 415 499 721 1098 1173 991 865 932 1043 800 707 811 811 1011 879 756 756 744 783 727 748 916 817 687 479 487 584 483 483 268 297 150 163 255 409 563 626 480 483 386
943 1173 1196 1285 1479 1256 1087 1032 926 1219 1171 834 834 750 784 801 962 1068 1207 1298 2310 1158 1248 1815 1646 1262 1131 1165 1165 1439 1590 912 1432 1145 1244 1233 1233 1151 1144 1009 975 699 590 651 674 674 651 578 437 590 641 762 775 810 989 997 821 877 734 767 792 792 882 1095 822 727 804 784 665 626 616 805 531 502 658 424 303 303 196 154 193 281 471 436 475 530 426 519 290
2128 1026 1082 1170 1064 1218 1302 1196 1241 1100 991 839 839 745 749 816 1108 1224 1307 1239 1521 239 2002 1282 1034 946 880 880 880 1124 1171 1324 476 1287 1220 1010 1217 1509 1458 1406 1569 956 576 828 823 823 800 552 672 717 767 829 1035 1072 1066 911 971 983 820 821 887 887 857 891 784 853 798 805 730 722 655 599 548 483 623 374 247 247 232 148 183 251 511 319 313 500 324 266 270
952 974 857 682 866 1041 1027 1304 1014 909 935 904 904 991 737 716 845 914 1017 1112 450 1159 1237 1477 1122 1083 976 1200 1200 1666 1750 1502 1340 845 1177 964 1210 1579 1676 1491 1290 1197 1290 939 994 994 977 830 775 780 853 851 948 967 866 847 937 835 840 819 862 862 857 928 910 827 732 715 723 755 735 617 567 459 488 276 207 207 177 42 198 487 206 193 165 244 282 260 132
1150 1168 1219 1082 1090 962 861 842 889 920 897 891 891 1042 769 1052 893 784 825 945 1157 1417 238 1087 1325 1121 954 955 955 1082 1486 1420 1214 1412 1322 1710 2135 1649 1574 1457 1625 1279 1138 1046 944 944 944 944 889 856 842 855 866 906 930 929 1052 865 836 834 824 824 834 829 787 788 781 755 775 761 735 659 568 566 406 211 188 188 167 115 63 147 -26 -147 161 -26 75 499 194
1078 1167 1207 1054 1026 935 819 826 778 859 906 941 941 918 732 792 777 772 843 867 1011 1406 942 623 1152 1179 986 888 888 1034 1171 1171 1107 1339 1473 1698 2006 1324 1247 1605 1741 1468 1070 894 993 993 982 977 1047 1248 974 773 775 854 958 977 988 903 840 841 841 841 839 828 781 784 816 854 826 816 762 722 586 487 352 569 314 314 222 331 189 147 46 167 165 168 85 238 183
1079 1104 1319 1095 984 931 913 841 782 787 834 876 876 819 746 761 835 855 846 816 981 1198 1332 1604 1479 1335 1182 1234 1234 997 1174 1190 1396 1092 1641 1904 1762 1254 1276 1454 1685 1570 1582 1058 908 908 1022 1004 1033 1188 976 652 702 772 898 928 910 953 843 888 922 922 952 914 885 861 873 929 916 826 923 768 609 526 427 357 428 428 239 321 267 237 176 275 160 248 -19 151 114
1089 1069 967 1045 976 1587 1080 770 750 716 763 807 807 692 707 757 874 928 834 846 1062 1061 1063 1805 1874 1707 1164 1459 1459 1366 1423 1129 1089 1401 1528 1334 1171 1130 1150 1372 1509 1936 1608 1537 1140 1140 1146 1110 988 924 1171 1003 940 925 994 1286 1154 891 849 879 909 909 1038 926 985 911 932 970 918 815 798 753 669 540 477 413 712 712 146 343 374 239 271 239 158 140 96 67 226
1261 956 920 994 1043 953 1102 661 788 802 825 808 808 654 670 728 890 957 791 1074 801 971 1060 1145 1492 1578 1446 1720 1720 1507 1648 1193 960 939 1027 1108 1097 1057 1075 1238 1484 1657 1438 1053 961 961 1213 1238 1201 1054 1061 1033 777 1235 1279 1225 1267 1081 1011 913 959 959 908 912 1023 1125 900 928 1255 841 809 773 693 589 522 431 716 716 135 222 722 462 332 185 34 125 280 113 129
1103 1084 856 847 1009 1024 956 1020 829 843 937 841 841 694 645 686 890 1085 1006 232 1174 1427 1116 1324 1317 1274 1236 1288 1288 1779 1439 973 918 972 897 1029 1084 999 1029 1103 1276 1371 1489 1344 1066 1066 -274 1171 1484 1373 1196 1470 1848 1102 1350 1686 1365 1286 1100 1031 941 941 877 876 850 1003 949 915 989 885 850 824 740 637 587 535 405 405 116 204 550 323 294 385 133 23 679 81 -270
1175 1101 867 713 893 1073 936 1062 1017 989 932 717 717 712 690 675 883 1077 1160 590 1290 958 1204 1304 1261 1135 1088 1102 1102 1101 1091 956 947 947 931 1120 1164 1063 1009 1045 1265 1551 1456 1537 1587 1587 1452 1603 1291 1445 1090 1611 1548 1256 1272 1341 1513 1422 1307 1230 1198 1198 1077 861 872 824 896 1069 941 1139 922 805 873 701 567 603 545 545 484 205 463 770 743 583 9 11 480 357 82
1441 1050 841 648 706 914 941 837 927 975 1098 742 742 749 797 650 766 1179 1521 1281 743 963 1073 1145 1158 1031 1034 1066 1066 1093 1088 1029 990 1028 1142 1247 1120 1034 1086 1125 1058 1053 1310 1313 1565 1565 1346 1457 1573 1469 1979 2165 1463 1539 1583 1863 1529 1555 1517 1572 1310 1310 1336 1091 934 901 844 916 1238 1079 1026 821 822 772 621 569 476 476 607 236 58 125 276 436 22 353 -170 358 61
1045 1475 843 739 726 680 834 881 915 813 875 803 803 752 810 647 864 847 1171 1143 1165 1099 1056 1020 1006 946 985 1006 1006 1069 1128 1191 1223 1163 1163 1168 1018 1083 1128 1219 1069 1043 1314 1576 1675 1675 1296 1344 1544 1658 1721 1913 2766 1643 1595 1914 2015 1939 1774 1890 1732 1732 1475 1401 1245 1171 1007 930 823 1139 912 845 793 794 783 531 437 437 894 28 83 19 -79 -97 -45 -262 220 524 364
1214 1095 916 803 715 712 767 836 1006 837 1041 1002 1002 732 985 834 949 838 954 681 1290 1227 1060 1001 996 947 961 1010 1010 1076 1160 1411 1762 1063 1045 1025 1051 1120 1360 1409 1397 1384 1512 1984 1836 1836 1761 1643 2327 2033 2071 2061 2065 2013 1973 2928 2239 2450 2363 2013 1836 1836 2029 2017 1623 1145 989 1133 950 933 974 992 775 645 901 815 563 563 294 93 90 -7 -97 -101 253 441 845 1519 967
1215 1307 1000 825 743 798 763 940 1051 1061 1167 798 798 842 1125 797 716 843 945 833 1150 1177 1046 1148 1114 1060 1049 1051 1051 1102 1207 1340 1299 1195 1054 1094 1121 1154 1138 1597 1622 1592 1631 1848 1932 1932 1829 2056 2394 2628 2252 3318 3756 3510 3269 4100 4555 4264 2260 3224 1971 1971 2070 2335 1716 1620 1470 889 1034 962 1044 940 900 615 719 713 361 361 253 214 499 184 -27 -46 17 21 201 555 1079
1380 1224 1135 972 978 1051 1033 1027 1289 882 1611 1295 1295 1128 860 1130 1675 549 883 991 1078 1212 1188 1056 1253 1235 1220 1172 1172 1179 1403 1638 1454 1289 1099 1191 1121 1508 1806 1936 2295 1861 1811 1925 1983 1983 2191 2499 2079 2321 3331 4522 4378 3615 4351 4424 4584 4546 4288 3713 2951 2951 2182 2515 2207 2115 1777 1465 1212 1263 874 905 885 1028 677 658 607 607 240 176 169 102 8 233 138 112 124 182 516
3259 1961 1246 1118 1131 1503 1466 1459 1273 1871 1563 1572 1572 1564 1424 981 1107 1127 913 1075 1073 1215 1187 1050 1180 1533 1611 1602 1602 1218 1166 1259 1443 1327 947 957 1447 1870 1934 2609 3138 2759 2952 2786 3402 3402 2648 2337 2052 3061 3963 3220 3230 2686 3258 4173 4620 4280 4245 4001 3773 3773 3437 2552 2731 2451 2504 2086 1493 1596 1312 723 797 1599 819 659 409 409 214 210 208 187 100 98 88 142 121 146 256
3369 3314 2256 1301 1097 1871 2270 1624 1635 2428 2181 1632 1632 1839 1490 1544 1117 1159 999 837 968 1335 1407 1318 1236 1185 1367 1180 1180 930 1073 1171 1054 1197 1937 2076 2012 3054 3317 2263 2994 2983 3253 3191 3230 3230 3913 4049 2320 4238 3669 3378 3138 2759 3309 2984 4954 4145 3982 3565 3725 3725 3976 3305 3124 2596 3089 2168 2166 1806 1478 1472 1030 1079 1127 141 379 379 237 256 225 238 160 171 178 211 240 231 556
3369 3314 2256 1301 1097 1871 2270 1624 1635 2428 2181 1632 1632 1839 1490 1544 1117 1159 999 837 968 1335 1407 1318 1236 1185 1367 1180 1180 930 1073 1171 1054 1197 1937 2076 2012 3054 3317 2263 2994 2983 3253 3191 3230 3230 3913 4049 2320 4238 3669 3378 3138 2759 3309 2984 4954 4145 3982 3565 3725 3725 3976 3305 3124 2596 3089 2168 2166 1806 1478 1472 1030 1079 1127 141 379 379 237 256 225 238 160 171 178 211 240 231 556
3314 3469 3492 3011 2042 1337 2950 2599 2439 2961 2469 2044 2044 1885 1368 1789 1180 1037 1226 1058 1176 1429 1730 1790 1614 1358 1099 1063 1063 1202 1426 1476 1589 2011 3060 3212 2822 3267 2795 2888 3152 3132 3371 3816 2981 2981 4333 4909 3350 3245 3310 3572 4033 2937 3020 3072 3952 4443 3869 3694 4129 4129 4037 3890 3605 3409 2871 2050 2287 2033 2560 1628 1206 1100 806 920 890 890 241 218 231 215 218 209 254 248 250 271 416
3487 3251 3499 4006 3739 2031 2545 3336 2796 2842 2811 2377 2377 2131 2098 1894 1610 1402 1737 1647 1781 1837 1919 2017 1786 1721 1493 1806 1806 1676 2681 2423 2841 3576 3452 3454 3187 3536 2881 3129 3324 3510 3619 4084 3965 3965 4368 4486 4054 4145 3488 4166 5039 3768 2962 2770 3844 3398 2593 4140 4155 4155 4122 4093 3895 3179 2765 2157 1952 2401 2111 2281 2690 1090 716 610 932 932 408 214 196 230 236 257 234 252 306 240 62
2883 2862 3341 3850 3736 3885 1931 2816 3278 3129 3363 2810 2810 2410 2062 2097 1781 2170 1198 1588 1212 2083 2267 1490 1813 1941 2040 2475 2475 2725 3296 3309 3014 3528 3402 3779 3988 3432 3574 3554 3718 3232 2298 3252 2635 2635 4853 4474 4766 3820 3981 5075 4564 3541 4533 3303 5018 3528 4104 4198 4165 4165 4240 3949 3812 3960 2165 3262 2203 3077 2969 3002 2701 1492 935 614 530 530 877 288 504 254 234 372 315 376 416 1234 1365
3028 3201 3243 3467 3811 4255 4220 2747 2470 3016 3554 3421 3421 988 1341 2848 1282 962 1826 1734 2037 1993 1607 1205 2210 2710 3132 3274 3274 3621 3555 3187 2800 2658 4378 4395 2866 2867 3006 2227 3062 3040 2357 2310 3514 3514 4977 4759 4460 4234 3972 4007 3982 4599 4549 3576 1363 3910 2165 4288 4162 4162 4233 2635 3795 3816 3791 2521 2207 3022 3327 3480 796 2686 1198 904 590 590 970 889 535 398 335 366 431 569 440 1447 1102
2937 3106 3055 3114 3562 4063 4180 3920 2692 2867 2674 1368 1368 1752 2024 2531 1831 2051 2884 2829 2569 2371 2731 2739 2906 3264 3324 3550 3550 3032 3244 2868 3792 2773 2017 1981 3656 4269 4459 4713 4257 4175 3870 3025 5089 5089 5390 4764 4452 3930 3978 3949 4003 4749 4631 3765 3605 3185 2486 3028 3966 3966 3491 2900 3647 1763 3535 3226 2645 2908 2208 3191 2867 2276 1854 794 621 621 692 1175 896 576 392 494 531 551 500 1251 1187
2970 3156 3041 1012 3361 4123 3874 3697 1750 3437 2898 3575 3575 3232 3173 3438 2745 2821 3182 2880 2978 3131 3188 3438 3278 3258 2989 3342 3342 2919 3489 3363 4051 2210 2845 4696 3997 3655 3278 2800 2988 3751 2273 3694 4765 4765 5143 4964 3667 3795 3869 3879 4050 4973 4756 4257 2922 4206 4085 2188 4101 4101 4029 3622 3714 2392 3556 3910 3640 2477 2389 2610 2854 2391 2352 1449 1176 1176 1181 948 935 896 688 746 1078 1166 1148 1541 2179
2950 3075 3030 3047 3485 3735 3528 1869 2105 2230 2177 2237 2237 3263 3544 3475 3241 3458 3669 3390 3460 3437 3376 3246 3347 3069 3144 3269 3269 3498 3777 4061 3449 2387 3352 3917 4270 4034 3656 2758 2879 4543 1732 4016 2562 2562 4128 4564 2459 4454 4211 4002 4902 4645 4258 4147 3994 4433 4241 3646 3894 3894 4224 3888 4133 3618 3014 4076 3366 1214 2401 2192 3071 2536 2526 1824 1390 1390 939 873 893 1108 893 721 775 770 1413 1332 1614
